MIN=0	0	-10	-0,5	0	0	
MAX=10	30	10	5	27	5	
SCALE=5	10	5	1	10	1	
DEC=1	2	2	1	1	3	
DEF="Tiempo" t / s	"Tensión" U_A1 / V	"Tensión" U_B1 / V	"Intensidad" I / u.a.	"Voltaje acelerador" Vac / V	"Frecuencia" f / Hz	
0	0,24	-0,02	-0,02	0,24	NAN	
0,101	0,24	-0,015	-0,015	0,24	NAN	
0,201	0,24	-0,025	-0,025	0,24	NAN	
0,398	0,24	-0,015	-0,015	0,24	NAN	
0,408	0,24	-0,005	-0,005	0,24	NAN	
0,501	0,24	-0,02	-0,02	0,24	NAN	
0,601	0,24	-0,02	-0,02	0,24	NAN	
0,701	0,24	-0,02	-0,02	0,24	NAN	
0,801	0,24	-0,015	-0,015	0,24	NAN	
0,901	0,24	-0,02	-0,02	0,24	NAN	
1,001	0,24	-0,025	-0,025	0,24	NAN	
1,101	0,315	-0,02	-0,02	0,315	NAN	
1,201	0,45	-0,02	-0,02	0,45	NAN	
1,398	0,705	-0,01	-0,01	0,705	NAN	
1,409	0,72	0	0	0,72	NAN	
1,501	0,825	-0,02	-0,02	0,825	NAN	
1,601	0,975	-0,01	-0,01	0,975	NAN	
1,701	1,08	-0,015	-0,015	1,08	NAN	
1,801	1,215	-0,02	-0,02	1,215	NAN	
1,901	1,335	-0,02	-0,02	1,335	NAN	
2,001	1,455	-0,015	-0,015	1,455	NAN	
2,101	1,575	-0,02	-0,02	1,575	NAN	
2,201	1,695	-0,02	-0,02	1,695	NAN	
2,398	1,935	-0,01	-0,01	1,935	NAN	
2,409	1,935	0	0	1,935	NAN	
2,501	2,055	-0,015	-0,015	2,055	NAN	
2,601	2,175	-0,02	-0,02	2,175	NAN	
2,701	2,295	-0,015	-0,015	2,295	NAN	
2,801	2,415	-0,02	-0,02	2,415	NAN	
2,901	2,52	-0,015	-0,015	2,52	NAN	
3,001	2,64	-0,015	-0,015	2,64	NAN	
3,101	2,76	-0,015	-0,015	2,76	NAN	
3,201	2,865	-0,015	-0,015	2,865	NAN	
3,398	3,105	0	0	3,105	NAN	
3,409	3,105	0	0	3,105	NAN	
3,501	3,21	-0,015	-0,015	3,21	NAN	
3,601	3,33	-0,01	-0,01	3,33	NAN	
3,701	3,435	-0,01	-0,01	3,435	NAN	
3,801	3,54	-0,01	-0,01	3,54	NAN	
3,901	3,66	-0,01	-0,01	3,66	NAN	
4,001	3,765	0	0	3,765	NAN	
4,101	3,885	0	0	3,885	NAN	
4,201	3,99	0,01	0,01	3,99	NAN	
4,398	4,215	0,015	0,015	4,215	NAN	
4,409	4,215	0,03	0,03	4,215	NAN	
4,501	4,305	0,02	0,02	4,305	NAN	
4,601	4,41	0,025	0,025	4,41	NAN	
4,701	4,53	0,03	0,03	4,53	NAN	
4,801	4,635	0,035	0,035	4,635	NAN	
4,901	4,74	0,045	0,045	4,74	NAN	
5,001	4,845	0,055	0,055	4,845	NAN	
5,101	4,95	0,06	0,06	4,95	NAN	
5,201	5,055	0,065	0,065	5,055	NAN	
5,398	5,265	0,095	0,095	5,265	NAN	
5,408	5,265	0,105	0,105	5,265	NAN	
5,501	5,355	0,105	0,105	5,355	NAN	
5,601	5,46	0,12	0,12	5,46	NAN	
5,701	5,565	0,135	0,135	5,565	NAN	
5,801	5,67	0,155	0,155	5,67	NAN	
5,901	5,76	0,175	0,175	5,76	NAN	
6,001	5,865	0,185	0,185	5,865	NAN	
6,101	5,97	0,2	0,2	5,97	NAN	
6,201	6,06	0,21	0,21	6,06	NAN	
6,398	6,255	0,215	0,215	6,255	NAN	
6,408	6,27	0,22	0,22	6,27	NAN	
6,501	6,36	0,2	0,2	6,36	NAN	
6,601	6,45	0,195	0,195	6,45	NAN	
6,701	6,555	0,185	0,185	6,555	NAN	
6,801	6,645	0,175	0,175	6,645	NAN	
6,901	6,735	0,165	0,165	6,735	NAN	
7,001	6,84	0,155	0,155	6,84	NAN	
7,101	6,93	0,145	0,145	6,93	NAN	
7,201	7,035	0,135	0,135	7,035	NAN	
7,398	7,2	0,13	0,13	7,2	NAN	
7,408	7,215	0,135	0,135	7,215	NAN	
7,501	7,305	0,115	0,115	7,305	NAN	
7,601	7,395	0,115	0,115	7,395	NAN	
7,701	7,5	0,115	0,115	7,5	NAN	
7,801	7,59	0,125	0,125	7,59	NAN	
7,901	7,665	0,12	0,12	7,665	NAN	
8,001	7,77	0,13	0,13	7,77	NAN	
8,101	7,86	0,135	0,135	7,86	NAN	
8,201	7,95	0,14	0,14	7,95	NAN	
8,398	8,115	0,17	0,17	8,115	NAN	
8,408	8,13	0,185	0,185	8,13	NAN	
8,501	8,22	0,175	0,175	8,22	NAN	
8,601	8,31	0,185	0,185	8,31	NAN	
8,701	8,385	0,205	0,205	8,385	NAN	
8,801	8,475	0,22	0,22	8,475	NAN	
8,901	8,565	0,24	0,24	8,565	NAN	
9,001	8,655	0,255	0,255	8,655	NAN	
9,101	8,73	0,275	0,275	8,73	NAN	
9,201	8,82	0,305	0,305	8,82	NAN	
0	0,63	-0,04	-0,04	0,63	NAN	
0,113	0,48	-0,015	-0,015	0,48	NAN	
0,207	0,39	-0,01	-0,01	0,39	NAN	
0,3	0,345	-0,025	-0,025	0,345	NAN	
0,41	0,315	-0,005	-0,005	0,315	NAN	
0,503	0,285	-0,015	-0,015	0,285	NAN	
0,613	0,27	-0,015	-0,015	0,27	NAN	
0,706	0,27	-0,005	-0,005	0,27	NAN	
0,8	0,27	-0,025	-0,025	0,27	NAN	
0,91	0,255	-0,01	-0,01	0,255	NAN	
1,003	0,255	-0,015	-0,015	0,255	NAN	
1,113	0,255	-0,02	-0,02	0,255	NAN	
1,206	0,255	-0,01	-0,01	0,255	NAN	
1,316	0,255	-0,02	-0,02	0,255	NAN	
1,41	0,24	-0,01	-0,01	0,24	NAN	
1,503	0,255	-0,015	-0,015	0,255	NAN	
1,613	0,255	-0,02	-0,02	0,255	NAN	
1,706	0,24	-0,005	-0,005	0,24	NAN	
1,816	0,255	-0,025	-0,025	0,255	NAN	
1,91	0,24	-0,005	-0,005	0,24	NAN	
2,003	0,24	-0,01	-0,01	0,24	NAN	
2,113	0,24	-0,015	-0,015	0,24	NAN	
2,206	0,24	-0,005	-0,005	0,24	NAN	
2,316	0,24	-0,02	-0,02	0,24	NAN	
2,41	0,24	-0,005	-0,005	0,24	NAN	
2,503	0,24	-0,01	-0,01	0,24	NAN	
2,613	0,255	-0,015	-0,015	0,255	NAN	
2,706	0,255	-0,01	-0,01	0,255	NAN	
2,816	0,24	-0,015	-0,015	0,24	NAN	
3,066	0,24	-0,025	-0,025	0,24	NAN	
3,076	0,255	-0,01	-0,01	0,255	NAN	
3,113	0,24	-0,02	-0,02	0,24	NAN	
3,206	0,255	-0,005	-0,005	0,255	NAN	
3,316	0,24	-0,02	-0,02	0,24	NAN	
3,409	0,24	-0,015	-0,015	0,24	NAN	
3,503	0,24	-0,015	-0,015	0,24	NAN	
3,613	0,24	-0,025	-0,025	0,24	NAN	
3,706	0,24	0	0	0,24	NAN	
3,816	0,24	-0,02	-0,02	0,24	NAN	
3,909	0,24	-0,015	-0,015	0,24	NAN	
4,003	0,24	-0,005	-0,005	0,24	NAN	
4,113	0,24	-0,025	-0,025	0,24	NAN	
4,206	0,24	-0,005	-0,005	0,24	NAN	
4,316	0,24	-0,015	-0,015	0,24	NAN	
4,409	0,24	-0,01	-0,01	0,24	NAN	
4,503	0,255	-0,005	-0,005	0,255	NAN	
4,613	0,24	-0,02	-0,02	0,24	NAN	
4,706	0,24	-0,005	-0,005	0,24	NAN	
4,816	0,24	-0,025	-0,025	0,24	NAN	
4,909	0,24	-0,01	-0,01	0,24	NAN	
5,003	0,24	-0,005	-0,005	0,24	NAN	
5,113	0,24	-0,02	-0,02	0,24	NAN	
5,206	0,24	-0,005	-0,005	0,24	NAN	
5,316	0,24	-0,025	-0,025	0,24	NAN	
5,409	0,24	-0,02	-0,02	0,24	NAN	
5,503	0,24	-0,01	-0,01	0,24	NAN	
5,613	0,24	-0,02	-0,02	0,24	NAN	
5,706	0,24	0	0	0,24	NAN	
5,816	0,24	-0,015	-0,015	0,24	NAN	
