#1
#---------------------------------------------------------
x=[0.285,0.285,0.285,0.285,0.285,0.285,0.39,0.54,0.675,0.825,0.975,1.11,1.26,1.395,1.53,1.68,1.815,1.95,2.085,2.22,2.355,2.505,2.625,2.775,2.91,3.03,3.165,3.285,3.42,3.555,3.69,3.81,3.93,4.065,4.185,4.32,4.455,4.56,4.695,4.815,4.935,5.055,5.19,5.295,5.43,5.535,5.67,5.775,5.895,6.015,6.12,6.24,6.36,6.48,6.6,6.705,6.825,6.93,7.05,7.155,7.26,7.38,7.485,7.59,7.71,7.815,7.92,8.04,8.13,8.25,8.34,8.46,8.565,8.67,8.76,8.865,8.97,9.075,9.18,9.285,9.39,9.48,9.57,9.675,9.765,9.87,9.975,10.065,10.155,10.26,10.365,10.455,10.545,10.635,10.74,10.83,10.92,11.01,11.1,11.19,11.295,11.385,11.46,11.55,11.64,11.745,11.82,11.91,12,12.09,12.18,12.255,12.345,12.435,12.51,12.6,12.69,12.765,12.855,12.93,13.005,13.095,13.185,13.26]

y=[-0.025,-0.03,-0.025,-0.015,-0.025,-0.02,-0.025,-0.025,-0.02,-0.015,-0.02,-0.015,-0.02,-0.02,-0.015,-0.01,-0.02,-0.02,-0.02,-0.02,-0.025,-0.02,-0.015,-0.015,-0.015,-0.02,-0.02,-0.02,-0.01,-0.01,-0.01,-0.015,-0.005,-0.015,-0.01,-0.005,-0.01,-0.005,-0.005,0,-0.005,0,0.01,0.01,0.01,0.02,0.015,0.025,0.025,0.035,0.035,0.03,0.035,0.03,0.025,0.02,0.02,0.025,0.01,0.015,0.015,0.02,0.015,0.015,0.015,0.015,0.02,0.01,0.02,0.025,0.025,0.03,0.03,0.035,0.035,0.05,0.05,0.06,0.06,0.065,0.075,0.08,0.085,0.095,0.105,0.115,0.125,0.14,0.15,0.16,0.17,0.19,0.21,0.23,0.24,0.26,0.275,0.29,0.295,0.305,0.305,0.295,0.285,0.275,0.265,0.255,0.245,0.225,0.205,0.195,0.18,0.165,0.16,0.15,0.145,0.14,0.135,0.13,0.13,0.135,0.13,0.135,0.14,0.145]
#---------
x=[13.35,13.425,13.5,13.59,13.665,13.74,13.83,13.905,13.98,14.055,14.13,14.205,14.28,14.355,14.43,14.52,14.58,14.655,14.73,14.805,14.88,14.955,15.03,15.105,15.165,15.24,15.315,15.39,15.465,15.525,15.6,15.675,15.735,15.81,15.885,15.945,16.005,16.08,16.155,16.215,16.275,16.35,16.41,16.47,16.545,16.605,16.665,16.74,16.8,16.86,16.935,16.995,17.07,17.115,17.175,17.25,17.295,17.355,17.43,17.49,17.55,17.61,17.655,17.73,17.79,17.85,17.91,17.955,18.015,18.075,18.135,18.195,18.24,18.3,18.36,18.42,18.48,18.525]

y=[0.15,0.155,0.165,0.17,0.18,0.185,0.195,0.21,0.225,0.235,0.245,0.255,0.275,0.29,0.305,0.315,0.34,0.355,0.37,0.39,0.41,0.43,0.45,0.475,0.495,0.52,0.545,0.575,0.6,0.63,0.665,0.7,0.735,0.775,0.815,0.845,0.875,0.9,0.915,0.92,0.925,0.935,0.93,0.92,0.905,0.895,0.875,0.865,0.845,0.82,0.8,0.775,0.755,0.725,0.685,0.665,0.635,0.625,0.6,0.58,0.57,0.545,0.52,0.495,0.48,0.455,0.455,0.465,0.465,0.465,0.455,0.435,0.435,0.44,0.455,0.465,0.475,0.495]
#---------
x=[18.585,18.645,18.69,18.75,18.795,18.87,18.9,18.96,19.02,19.065,19.125,19.17,19.23,19.29,19.335,19.38,19.44,19.485,19.545,19.59,19.65,19.695,19.74,19.785,19.845,19.89,19.935,19.98,20.04,20.085,20.13,20.19,20.235,20.28,20.325,20.37,20.415,20.46,20.505,20.565,20.61,20.64,20.685,20.745,20.79,20.82,20.88,20.91,20.955,21,21.06,21.09,21.135,21.18,21.225,21.255,21.3,21.345,21.39,21.435,21.48,21.525,21.57,21.6,21.645,21.675,21.72,21.765,21.81,21.84,21.885,21.93,21.975,22.005,22.05,22.08,22.125,22.155,22.2,22.245,22.275,22.32,22.35,22.395,22.425,22.47,22.515,22.545,22.59,22.62,22.65,22.695,22.725,22.77,22.8,22.83,22.875,22.905,22.95,22.98,23.01,23.055,23.085]

y=[0.51,0.52,0.535,0.555,0.57,0.585,0.61,0.625,0.645,0.67,0.69,0.71,0.74,0.76,0.79,0.805,0.835,0.865,0.89,0.92,0.945,0.975,1,1.03,1.06,1.095,1.135,1.15,1.195,1.225,1.26,1.29,1.325,1.37,1.4,1.435,1.465,1.505,1.53,1.56,1.59,1.61,1.62,1.645,1.66,1.665,1.67,1.68,1.68,1.685,1.685,1.68,1.665,1.67,1.655,1.655,1.64,1.62,1.605,1.58,1.555,1.525,1.505,1.475,1.45,1.425,1.405,1.375,1.35,1.33,1.31,1.29,1.27,1.25,1.225,1.205,1.2,1.165,1.145,1.13,1.105,1.095,1.08,1.07,1.055,1.055,1.04,1.035,1.03,1.03,1.025,1.015,1.015,1.01,1.01,1.015,1.015,1.02,1.02,1.02,1.03,1.04,1.04]
#---------
x=[23.115,23.16,23.175,23.22,23.25,23.28,23.325,23.355,23.4,23.415,23.445,23.49,23.52,23.55,23.58,23.625,23.655,23.685,23.715,23.745,23.775,23.805,23.835,23.88,23.895,23.94,23.97,24,24.03,24.06,24.09,24.12,24.15,24.195,24.24,24.285,24.33,24.375,24.42,24.45,24.495,24.54,24.585,24.615,24.675,24.705,24.765,24.81,24.84,24.87,24.915,24.96,25.005,25.035,25.08,25.125,25.155,25.185,25.23,25.275,25.305,25.35,25.395,25.425,25.47,25.5,25.545,25.59,25.62,25.665,25.695,25.725,25.755,25.8,25.83,25.875,25.905,25.95,25.98,26.025,26.055,26.085,26.115,26.145,26.19,26.22,26.265,26.295,26.325,26.355,26.4,26.43,26.46,26.49,26.52,26.565,26.595,26.625,26.67,26.685,26.73,26.76,26.79,26.82,26.85,26.88,26.925,26.94,26.985,27]

y=[1.055,1.065,1.065,1.075,1.095,1.105,1.115,1.125,1.145,1.15,1.17,1.18,1.2,1.22,1.235,1.26,1.275,1.3,1.315,1.335,1.365,1.385,1.41,1.435,1.455,1.49,1.51,1.535,1.55,1.575,1.605,1.64,1.67,1.705,1.75,1.79,1.84,1.895,1.945,2,2.05,2.1,2.155,2.215,2.27,2.335,2.385,2.445,2.5,2.565,2.62,2.675,2.74,2.79,2.85,2.91,2.955,3.015,3.065,3.115,3.16,3.21,3.24,3.29,3.315,3.355,3.385,3.415,3.44,3.465,3.495,3.505,3.525,3.535,3.55,3.555,3.575,3.575,3.58,3.58,3.58,3.585,3.575,3.565,3.565,3.555,3.535,3.525,3.505,3.485,3.465,3.435,3.42,3.4,3.375,3.345,3.32,3.305,3.28,3.26,3.225,3.21,3.185,3.16,3.125,3.1,3.09,3.05,3.025,2.995]


#-------------------------------------------------
#2
#-------------------------------------------------------------

x=[0.315,0.3,0.315,0.315,0.315,0.315,0.315,0.315,0.345,0.51,0.675,0.825,0.99,1.155,1.305,1.47,1.62,1.77,1.935,2.085,2.235,2.385,2.535,2.685,2.835,2.97,3.12,3.27,3.42,3.57,3.705,3.855,3.99,4.125,4.275,4.425,4.56,4.695,4.845,4.965,5.115,5.235,5.385,5.52,5.655,5.775,5.925,6.045,6.18,6.315,6.435,6.57,6.69,6.825,6.96,7.08,7.215,7.335,7.455,7.59,7.71,7.83,7.965,8.07,8.205,8.325,8.445,8.55,8.685,8.79,8.925,9.03,9.15,9.27,9.375,9.495,9.6,9.72,9.825,9.945,10.05,10.17,10.275,10.395,10.515,10.605,10.71,10.83,10.935,11.04,11.16,11.25,11.37,11.46,11.565,11.685,11.775,11.88,11.985,12.09,12.195,12.3,12.39,12.495,12.585,12.69,12.78]

y=[-0.025,-0.025,-0.025,-0.02,-0.02,-0.025,-0.025,-0.025,-0.02,-0.02,-0.025,-0.02,-0.02,-0.025,-0.02,-0.025,-0.025,-0.015,-0.02,-0.02,-0.02,-0.025,-0.01,-0.015,-0.02,-0.02,-0.02,-0.02,-0.02,-0.02,-0.015,-0.015,-0.02,-0.015,-0.01,-0.01,-0.015,-0.015,-0.005,-0.005,-0.01,-0.005,-0.005,-0.005,0,0.005,0.01,0.015,0.01,0.01,0.01,0.005,0.005,0.01,0.005,0,0,0.005,0,0,0,0.005,0.005,0.005,0,0.005,0.01,0.01,0.015,0.02,0.025,0.025,0.035,0.03,0.035,0.045,0.045,0.055,0.065,0.065,0.075,0.085,0.095,0.1,0.115,0.12,0.145,0.155,0.155,0.165,0.165,0.16,0.16,0.15,0.135,0.14,0.125,0.12,0.11,0.095,0.085,0.085,0.075,0.07,0.07,0.065,0.065]
#---------
x=[12.975,13.095,13.17,13.275,13.38,13.455,13.56,13.665,13.74,13.845,13.935,14.025,14.115,14.205,14.31,14.385,14.49,14.565,14.67,14.745,14.835,14.925,15.015,15.105,15.195,15.285,15.36,15.45,15.54,15.63,15.72,15.795,15.885,15.96,16.035,16.125,16.2,16.29,16.365,16.455,16.545,16.62,16.695,16.77,16.845,16.935,17.01,17.085,17.16,17.235,17.325,17.4,17.475,17.55,17.61,17.7,17.775,17.835]

y=[0.07,0.08,0.08,0.08,0.09,0.095,0.105,0.11,0.115,0.125,0.135,0.145,0.155,0.165,0.18,0.195,0.205,0.22,0.24,0.25,0.27,0.28,0.3,0.315,0.335,0.36,0.39,0.405,0.435,0.455,0.475,0.5,0.51,0.52,0.515,0.495,0.485,0.48,0.465,0.44,0.435,0.405,0.385,0.365,0.345,0.325,0.31,0.285,0.275,0.27,0.25,0.255,0.235,0.235,0.235,0.235,0.235,0.23]
#---------
x=[17.925,18,18.06,18.135,18.21,18.285,18.345,18.42,18.495,18.57,18.645,18.705,18.78,18.855,18.93,18.99,19.065,19.125,19.185,19.26,19.335,19.395,19.455,19.53,19.59,19.65,19.725,19.785,19.86,19.92,19.98,20.04,20.115,20.175,20.235,20.295,20.355,20.43,20.49,20.55,20.61,20.67,20.73,20.79,20.85,20.91,20.97,21.045,21.09,21.15,21.21,21.255,21.315,21.375,21.435,21.495,21.555,21.615,21.675,21.72,21.78,21.84,21.885,21.945,22.005,22.05,22.11,22.17,22.215,22.275,22.32,22.38,22.425,22.485,22.53,22.59,22.635,22.68,22.74,22.785]

y=[0.235,0.245,0.25,0.255,0.265,0.275,0.285,0.3,0.315,0.32,0.335,0.355,0.37,0.385,0.405,0.425,0.44,0.455,0.48,0.505,0.53,0.55,0.58,0.605,0.62,0.645,0.675,0.705,0.73,0.76,0.8,0.83,0.86,0.895,0.925,0.955,0.985,1.015,1.045,1.075,1.09,1.11,1.12,1.125,1.135,1.14,1.14,1.135,1.13,1.13,1.115,1.11,1.085,1.07,1.055,1.03,1.005,0.985,0.955,0.925,0.905,0.885,0.865,0.845,0.825,0.805,0.78,0.77,0.75,0.735,0.715,0.71,0.7,0.685,0.685,0.675,0.675,0.675,0.67,0.675]
#---------
x=[22.845,22.89,22.935,22.995,23.04,23.1,23.145,23.19,23.235,23.28,23.355,23.385,23.445,23.475,23.535,23.565,23.625,23.67,23.715,23.76,23.82,23.865,23.91,23.955,24,24.045,24.09,24.135,24.18,24.225,24.27,24.315,24.36,24.405,24.435,24.495,24.525,24.57,24.6,24.66,24.705,24.75,24.795,24.825,24.87,24.9,24.945,24.99,25.02,25.065,25.125,25.14,25.185,25.245,25.275,25.305,25.35,25.395,25.425,25.47,25.515,25.545,25.59,25.62,25.665,25.695,25.725,25.77,25.815,25.845,25.875,25.92,25.95,25.995,26.025,26.07,26.1,26.145,26.16,26.205,26.25,26.28,26.31,26.355,26.385,26.415,26.445,26.49,26.52,26.55,26.595,26.625,26.655,26.685]

y=[0.68,0.685,0.69,0.69,0.705,0.71,0.715,0.735,0.755,0.765,0.775,0.79,0.81,0.835,0.845,0.865,0.89,0.915,0.94,0.965,0.985,1.01,1.035,1.07,1.095,1.125,1.155,1.185,1.225,1.25,1.28,1.32,1.355,1.395,1.435,1.475,1.51,1.555,1.59,1.635,1.68,1.73,1.78,1.83,1.885,1.94,1.99,2.045,2.095,2.15,2.2,2.25,2.305,2.355,2.39,2.44,2.475,2.525,2.56,2.59,2.625,2.665,2.695,2.72,2.74,2.755,2.78,2.795,2.81,2.82,2.84,2.845,2.85,2.86,2.865,2.875,2.865,2.87,2.86,2.85,2.85,2.84,2.83,2.815,2.795,2.775,2.755,2.74,2.72,2.7,2.68,2.665,2.645,2.625]
#---------
#-------------------------------------------------
#03
#----------------------------------------------------


x=[0.315,0.315,0.315,0.315,0.315,0.315,0.315,0.315,0.315,0.315,0.315,0.315,0.315,0.33,0.315,0.315,0.315,0.405,0.57,0.735,0.885,1.05,1.215,1.38,1.53,1.695,1.83,1.995,2.145,2.295,2.445,2.595,2.745,2.895,3.03,3.18,3.345,3.48,3.63,3.765,3.9,4.05,4.2,4.335,4.485,4.62,4.755,4.89,5.025,5.16,5.31,5.445,5.58,5.715,5.85,5.985,6.12,6.24,6.375,6.51,6.63,6.765,6.885,7.02,7.155,7.275,7.41,7.53,7.65,7.785,7.89,8.025,8.145,8.265,8.385,8.505,8.625,8.745,8.865,8.985,9.105,9.225,9.33,9.45,9.57,9.675,9.78,9.915,10.02,10.125,10.245,10.35,10.47,10.575,10.68,10.785,10.905,11.01,11.115,11.235,11.34,11.445,11.535,11.64,11.76,11.85,11.97,12.075,12.165,12.27,12.36,12.465,12.57,12.675,12.765,12.87]

y=[-0.015,-0.015,-0.015,-0.015,-0.015,-0.015,-0.02,-0.015,-0.02,-0.02,-0.015,-0.015,-0.015,-0.015,-0.015,-0.015,-0.02,-0.015,-0.015,-0.015,-0.01,-0.015,-0.015,-0.01,-0.01,-0.015,-0.01,-0.015,-0.015,-0.015,-0.015,-0.02,-0.01,-0.015,-0.015,-0.01,-0.015,-0.02,-0.015,-0.015,-0.02,-0.015,-0.01,-0.01,-0.01,-0.01,-0.005,-0.005,-0.005,-0.005,0,0,0.005,0.005,0.015,0.01,0.01,0.005,0.01,0.005,0.005,0.01,0.01,0.005,0,0,0,-0.005,0.005,0,0.005,0,0.005,0.005,0.01,0.005,0.01,0.015,0.025,0.02,0.03,0.03,0.035,0.04,0.045,0.055,0.065,0.07,0.075,0.085,0.09,0.1,0.105,0.12,0.125,0.14,0.15,0.155,0.15,0.15,0.145,0.135,0.125,0.115,0.105,0.095,0.085,0.075,0.07,0.065,0.065,0.06,0.055,0.065,0.06,0.055]
#---------
x=[12.96,13.065,13.17,13.26,13.365,13.455,13.545,13.65,13.74,13.845,13.935,14.025,14.115,14.22,14.31,14.385,14.475,14.58,14.655,14.76,14.85,14.925,15.015,15.105,15.195,15.285,15.36,15.465,15.555,15.63,15.72,15.81,15.9,15.975,16.065,16.14,16.23,16.305,16.395,16.47,16.545,16.635,16.71,16.8,16.875,16.95,17.025,17.115,17.19,17.265,17.34,17.415,17.505,17.565,17.655]

y=[0.065,0.065,0.075,0.08,0.075,0.085,0.095,0.105,0.11,0.125,0.13,0.14,0.155,0.165,0.185,0.19,0.205,0.22,0.235,0.25,0.26,0.28,0.3,0.32,0.34,0.355,0.38,0.4,0.425,0.445,0.455,0.47,0.48,0.48,0.47,0.465,0.445,0.435,0.425,0.405,0.39,0.365,0.345,0.33,0.31,0.29,0.275,0.265,0.25,0.24,0.23,0.22,0.215,0.21,0.21]
#---------
x=[17.715,17.805,17.865,17.94,18.03,18.105,18.165,18.24,18.315,18.39,18.465,18.525,18.6,18.675,18.75,18.825,18.885,18.96,19.035,19.095,19.17,19.23,19.305,19.365,19.44,19.5,19.575,19.635,19.695,19.77,19.83,19.905,19.98,20.025,20.1,20.16,20.22,20.28,20.355,20.415,20.475,20.55,20.595,20.655,20.715,20.79,20.85,20.91,20.97,21.03,21.09,21.15,21.21,21.27,21.315,21.375,21.45,21.495,21.555,21.615,21.66,21.735,21.78,21.84,21.9,21.96,22.005,22.065,22.125,22.17,22.23,22.29,22.335,22.38,22.44,22.5,22.56,22.605,22.65,22.695,22.755,22.8,22.86,22.905,22.965,23.01,23.07,23.115,23.175]

y=[0.225,0.215,0.22,0.225,0.23,0.23,0.25,0.26,0.27,0.28,0.285,0.305,0.315,0.325,0.345,0.35,0.375,0.395,0.415,0.435,0.455,0.475,0.51,0.52,0.545,0.575,0.6,0.62,0.645,0.68,0.705,0.735,0.76,0.785,0.82,0.85,0.885,0.91,0.945,0.97,1,1.02,1.035,1.05,1.065,1.075,1.075,1.075,1.08,1.08,1.065,1.055,1.05,1.03,1.015,1,0.975,0.955,0.93,0.905,0.885,0.86,0.835,0.815,0.785,0.775,0.755,0.735,0.71,0.695,0.68,0.665,0.655,0.64,0.635,0.625,0.625,0.62,0.62,0.62,0.62,0.62,0.625,0.625,0.635,0.645,0.65,0.66,0.675]
#---------
x=[23.205,23.265,23.31,23.37,23.415,23.46,23.505,23.565,23.595,23.655,23.7,23.745,23.79,23.835,23.895,23.94,23.985,24.015,24.075,24.105,24.165,24.21,24.255,24.3,24.345,24.39,24.435,24.48,24.525,24.57,24.615,24.645,24.705,24.735,24.78,24.825,24.87,24.9,24.945,24.99,25.035,25.065,25.11,25.155,25.185,25.245,25.26,25.305,25.35,25.395,25.44,25.47,25.515,25.545,25.59,25.62,25.665,25.695,25.74,25.77,25.815,25.86,25.89,25.92,25.965,25.995,26.04,26.07,26.115,26.145,26.19,26.22,26.25,26.295,26.325,26.37,26.4,26.43,26.46,26.505,26.535,26.565,26.61,26.64,26.67,26.7]

y=[0.685,0.7,0.71,0.73,0.745,0.76,0.775,0.8,0.815,0.845,0.87,0.89,0.915,0.935,0.965,0.99,1.02,1.04,1.07,1.105,1.135,1.155,1.2,1.225,1.26,1.3,1.335,1.365,1.405,1.445,1.485,1.525,1.565,1.605,1.645,1.695,1.745,1.785,1.84,1.89,1.935,1.985,2.035,2.08,2.12,2.17,2.215,2.255,2.29,2.325,2.36,2.39,2.42,2.455,2.47,2.495,2.52,2.54,2.555,2.565,2.58,2.59,2.595,2.6,2.605,2.62,2.61,2.62,2.61,2.6,2.6,2.585,2.575,2.565,2.545,2.525,2.515,2.495,2.475,2.455,2.435,2.41,2.395,2.375,2.35,2.335]
----------
#%-------------------------------------------------
#04
#----------------------------------------------------

x=[0.315,0.315,0.315,0.315,0.315,0.315,0.315,0.45,0.6,0.765,0.93,1.095,1.245,1.395,1.545,1.71,1.86,2.01,2.175,2.31,2.475,2.625,2.775,2.925,3.075,3.21,3.36,3.51,3.645,3.795,3.93,4.08,4.215,4.365,4.5,4.65,4.785,4.92,5.055,5.19,5.325,5.46,5.595,5.73,5.865,5.985,6.12,6.255,6.39,6.525,6.645,6.78,6.9,7.035,7.17,7.29,7.41,7.545,7.665,7.785,7.905,8.025,8.145,8.28,8.4,8.52,8.64,8.76,8.865,9,9.105,9.225,9.345,9.465,9.57,9.69,9.795,9.915,10.02,10.14,10.245,10.365,10.47,10.59,10.695,10.8,10.92,11.025,11.13,11.235,11.355,11.445,11.55,11.655,11.76,11.865,11.97,12.075,12.18,12.27,12.375,12.48,12.57,12.675,12.78,12.87,12.975]

y=[-0.02,-0.025,-0.015,-0.02,-0.02,-0.025,-0.02,-0.02,-0.02,-0.02,-0.02,-0.015,-0.015,-0.02,-0.015,-0.015,-0.015,-0.02,-0.02,-0.02,-0.015,-0.015,-0.015,-0.02,-0.015,-0.015,-0.02,-0.02,-0.015,-0.01,-0.015,-0.015,-0.02,-0.01,-0.015,-0.01,-0.01,-0.01,-0.01,0,0,-0.005,0.005,0.005,0.01,0.01,0.01,0.01,0.015,0.015,0.01,0.01,0,0.005,0.005,0.005,0,0,0,0.005,0.005,0.005,0.005,0,0.01,0.015,0.015,0.02,0.02,0.025,0.025,0.03,0.035,0.04,0.045,0.05,0.055,0.07,0.07,0.08,0.09,0.105,0.11,0.12,0.13,0.14,0.15,0.145,0.15,0.155,0.14,0.13,0.12,0.11,0.1,0.09,0.085,0.075,0.065,0.06,0.06,0.055,0.06,0.055,0.055,0.06,0.06]
#---------
x=[13.08,13.17,13.26,13.365,13.455,13.56,13.65,13.74,13.83,13.935,14.025,14.115,14.22,14.295,14.4,14.49,14.565,14.67,14.745,14.85,14.925,15.015,15.105,15.195,15.285,15.375,15.465,15.555,15.63,15.72,15.81,15.885,15.975,16.065,16.14,16.23,16.305,16.395,16.47,16.545,16.62,16.71,16.785,16.875,16.95,17.04,17.115,17.19,17.265,17.34,17.43,17.49,17.565,17.64,17.715,17.79,17.865,17.94,18.015]

y=[0.065,0.07,0.08,0.08,0.095,0.095,0.1,0.11,0.12,0.13,0.145,0.155,0.165,0.175,0.185,0.205,0.22,0.23,0.245,0.265,0.285,0.295,0.315,0.34,0.36,0.38,0.395,0.415,0.445,0.455,0.46,0.47,0.465,0.46,0.445,0.435,0.43,0.405,0.39,0.375,0.355,0.33,0.31,0.29,0.275,0.26,0.25,0.24,0.225,0.215,0.215,0.2,0.205,0.195,0.205,0.21,0.21,0.22,0.215]
#---------
x=[18.09,18.165,18.24,18.315,18.39,18.465,18.525,18.615,18.675,18.735,18.81,18.885,18.945,19.035,19.095,19.17,19.23,19.29,19.365,19.44,19.515,19.575,19.635,19.71,19.77,19.83,19.89,19.965,20.025,20.085,20.16,20.22,20.28,20.34,20.415,20.475,20.535,20.595,20.655,20.73,20.79,20.835,20.91,20.955,21.03,21.09,21.15,21.195,21.255,21.315,21.375,21.435,21.495,21.555,21.6,21.66,21.72,21.78,21.84,21.885,21.945,22.005,22.065,22.11,22.17,22.215,22.275,22.32,22.38,22.425,22.485,22.53,22.59,22.65,22.695,22.755,22.8,22.86,22.905,22.95]

y=[0.225,0.235,0.25,0.26,0.27,0.28,0.29,0.305,0.32,0.335,0.35,0.365,0.385,0.4,0.42,0.44,0.455,0.48,0.505,0.525,0.55,0.575,0.595,0.625,0.655,0.675,0.705,0.735,0.76,0.79,0.815,0.845,0.875,0.905,0.93,0.955,0.975,0.985,1.01,1.015,1.025,1.025,1.03,1.02,1.015,1.01,1,0.985,0.97,0.955,0.94,0.915,0.895,0.865,0.84,0.82,0.8,0.775,0.755,0.74,0.71,0.695,0.675,0.66,0.65,0.63,0.62,0.605,0.595,0.59,0.585,0.58,0.575,0.58,0.575,0.575,0.575,0.585,0.585,0.595]
#---------
x=[23.01,23.055,23.115,23.16,23.205,23.265,23.31,23.355,23.4,23.46,23.505,23.55,23.61,23.64,23.685,23.745,23.79,23.835,23.895,23.925,23.985,24.03,24.075,24.105,24.15,24.21,24.255,24.285,24.345,24.375,24.42,24.465,24.525,24.555,24.6,24.645,24.69,24.72,24.78,24.81,24.855,24.9,24.945,24.975,25.02,25.065,25.095,25.14,25.185,25.23,25.26,25.305,25.35,25.38,25.425,25.47,25.5,25.545,25.59,25.635,25.665,25.695,25.74,25.77,25.815,25.86,25.89,25.92,25.965,25.995,26.04,26.07,26.1,26.145,26.19,26.22,26.25,26.295,26.325,26.355,26.4,26.445,26.475,26.505]

y=[0.6,0.605,0.62,0.63,0.645,0.67,0.665,0.685,0.7,0.71,0.725,0.75,0.765,0.785,0.81,0.83,0.85,0.875,0.905,0.925,0.95,0.98,1,1.03,1.055,1.09,1.115,1.15,1.18,1.205,1.245,1.27,1.31,1.345,1.375,1.405,1.45,1.49,1.52,1.555,1.595,1.645,1.685,1.735,1.78,1.815,1.86,1.905,1.94,1.98,2.025,2.06,2.1,2.13,2.15,2.18,2.21,2.23,2.245,2.265,2.285,2.3,2.315,2.325,2.33,2.34,2.34,2.335,2.34,2.34,2.335,2.325,2.325,2.31,2.305,2.29,2.28,2.265,2.245,2.225,2.2,2.175,2.155,2.14]
#-------------------------------------------------
05
#----------------------------------------------------


x=[0.315,0.315,0.315,0.315,0.315,0.315,0.315,0.45,0.615,0.78,0.93,1.095,1.245,1.395,1.56,1.71,1.875,2.025,2.175,2.34,2.475,2.625,2.79,2.925,3.075,3.24,3.39,3.51,3.66,3.81,3.945,4.11,4.245,4.38,4.515,4.65,4.8,4.935,5.07,5.22,5.34,5.49,5.61,5.745,5.88,6.015,6.15,6.27,6.405,6.54,6.675,6.795,6.93,7.05,7.17,7.305,7.425,7.56,7.68,7.815,7.935,8.055,8.175,8.295,8.43,8.535,8.655,8.775,8.895,9.015,9.135,9.255,9.36,9.495,9.6,9.705,9.825,9.945,10.05,10.17,10.275,10.38,10.5,10.605,10.71,10.815,10.935,11.04,11.145,11.25,11.355,11.475,11.58,11.685,11.79,11.895,11.985,12.09,12.195,12.3,12.405,12.495,12.6,12.705]

y=[-0.02,-0.015,-0.015,-0.02,-0.02,-0.02,-0.015,-0.02,-0.02,-0.015,-0.015,-0.025,-0.015,-0.015,-0.015,-0.02,-0.02,-0.015,-0.015,-0.015,-0.01,-0.02,-0.02,-0.015,-0.015,-0.02,-0.02,-0.02,-0.015,-0.015,-0.02,-0.015,-0.01,-0.01,-0.015,-0.015,-0.01,-0.005,-0.005,-0.005,0,0,0,0.005,0.01,0.005,0.015,0.015,0.01,0.015,0.01,0.015,0.01,0.005,0.005,0.005,0,0.005,0,0,0.01,0.01,0.01,0.01,0.015,0.01,0.015,0.02,0.02,0.035,0.03,0.035,0.04,0.04,0.05,0.06,0.065,0.07,0.08,0.095,0.095,0.105,0.125,0.13,0.145,0.16,0.175,0.18,0.18,0.175,0.175,0.165,0.155,0.145,0.125,0.12,0.11,0.1,0.095,0.095,0.08,0.08,0.08,0.07]
----------
x=[12.81,12.9,12.99,13.095,13.185,13.29,13.395,13.485,13.575,13.665,13.77,13.86,13.95,14.04,14.145,14.22,14.325,14.415,14.505,14.595,14.685,14.775,14.865,14.955,15.045,15.135,15.225,15.315,15.405,15.48,15.57,15.66,15.735,15.825,15.9,15.99,16.08,16.155,16.245,16.32,16.395,16.5,16.56,16.65,16.74,16.8,16.89,16.965,17.04,17.13,17.205,17.28,17.355,17.445,17.505,17.595,17.655,17.73,17.82,17.895,17.955,18.045,18.105,18.18,18.27]

y=[0.075,0.075,0.08,0.08,0.09,0.085,0.09,0.1,0.11,0.12,0.13,0.13,0.14,0.15,0.165,0.17,0.19,0.205,0.21,0.23,0.25,0.26,0.285,0.295,0.315,0.335,0.35,0.38,0.39,0.435,0.455,0.475,0.505,0.52,0.545,0.55,0.56,0.55,0.55,0.545,0.52,0.505,0.495,0.475,0.46,0.44,0.415,0.385,0.365,0.345,0.325,0.31,0.295,0.285,0.275,0.265,0.255,0.255,0.255,0.255,0.26,0.27,0.27,0.27,0.275]
#---------
x=[18.33,18.405,18.48,18.54,18.615,18.69,18.765,18.825,18.9,18.96,19.035,19.11,19.185,19.245,19.305,19.38,19.44,19.515,19.575,19.635,19.71,19.785,19.845,19.905,19.98,20.04,20.1,20.16,20.22,20.295,20.355,20.415,20.475,20.55,20.61,20.67,20.73,20.775,20.85,20.91,20.97,21.03,21.09,21.135,21.21,21.255,21.315,21.375,21.435,21.495,21.54,21.6,21.66,21.72,21.78,21.825,21.9,21.945,22.005,22.065,22.11,22.155,22.215,22.275,22.32,22.38,22.425,22.485,22.545,22.59,22.635,22.695,22.74,22.8,22.845,22.905,22.95,22.995,23.04,23.1,23.145,23.205,23.25,23.295,23.355,23.4,23.445,23.49]

y=[0.28,0.29,0.305,0.315,0.325,0.345,0.355,0.365,0.38,0.4,0.42,0.435,0.455,0.475,0.5,0.515,0.53,0.56,0.585,0.615,0.63,0.65,0.685,0.705,0.735,0.77,0.795,0.835,0.865,0.9,0.94,0.975,1.01,1.045,1.08,1.115,1.15,1.175,1.2,1.22,1.24,1.255,1.26,1.26,1.255,1.245,1.225,1.205,1.21,1.195,1.18,1.155,1.135,1.105,1.085,1.055,1.025,1,0.98,0.96,0.92,0.895,0.88,0.86,0.84,0.825,0.815,0.8,0.775,0.755,0.735,0.735,0.73,0.735,0.725,0.72,0.71,0.715,0.71,0.715,0.715,0.725,0.73,0.74,0.75,0.755,0.77,0.78]
#----------------
x=[23.535,23.595,23.64,23.685,23.73,23.79,23.82,23.88,23.91,23.97,24.015,24.06,24.105,24.135,24.195,24.225,24.285,24.315,24.375,24.42,24.465,24.495,24.54,24.585,24.63,24.675,24.72,24.75,24.81,24.84,24.885,24.915,24.96,25.005,25.035,25.08,25.125,25.17,25.2,25.245,25.29,25.32,25.365,25.41,25.455,25.485,25.53,25.575,25.59,25.65,25.665,25.71,25.755,25.785,25.83,25.86,25.905,25.935,25.98,26.01,26.04,26.085,26.115,26.145,26.19,26.22,26.265,26.295,26.34,26.37,26.4,26.445,26.475,26.505,26.535,26.58,26.61,26.64,26.67,26.715,26.745]

y=[0.8,0.815,0.825,0.845,0.865,0.875,0.895,0.915,0.935,0.95,0.98,1.005,1.03,1.055,1.08,1.11,1.14,1.17,1.195,1.24,1.27,1.305,1.335,1.37,1.4,1.44,1.475,1.51,1.545,1.595,1.635,1.68,1.72,1.77,1.82,1.87,1.925,1.975,2.02,2.07,2.12,2.17,2.215,2.27,2.31,2.36,2.405,2.445,2.495,2.52,2.55,2.555,2.575,2.6,2.605,2.62,2.63,2.645,2.655,2.66,2.685,2.69,2.68,2.685,2.69,2.69,2.69,2.68,2.67,2.69,2.69,2.65,2.575,2.555,2.535,2.535,2.525,2.51,2.495,2.475,2.435]