MIN=0	0	-10	-0,5	0	0	
MAX=226,27417	30	10	5	27	5	
SCALE=100	10	5	1	10	1	
DEC=1	2	2	1	1	3	
DEF="Tiempo" t / s	"Tensión" U_A1 / V	"Tensión" U_B1 / V	"Intensidad" I / u.a.	"Voltaje acelerador" Vac / V	"Frecuencia" f / Hz	
0	0,3	-0,025	-0,025	0,3	NAN	
0,203	0,315	-0,015	-0,015	0,315	NAN	
0,215	0,315	-0,025	-0,025	0,315	NAN	
0,301	0,315	-0,025	-0,025	0,315	NAN	
0,4	0,315	-0,025	-0,025	0,315	NAN	
0,5	0,315	-0,02	-0,02	0,315	NAN	
0,6	0,465	-0,025	-0,025	0,465	NAN	
0,7	0,63	-0,02	-0,02	0,63	NAN	
0,8	0,78	-0,02	-0,02	0,78	NAN	
0,9	0,96	-0,02	-0,02	0,96	NAN	
1	1,11	-0,015	-0,015	1,11	NAN	
1,203	1,425	-0,01	-0,01	1,425	NAN	
1,215	1,44	-0,02	-0,02	1,44	NAN	
1,3	1,575	-0,015	-0,015	1,575	NAN	
1,4	1,725	-0,015	-0,015	1,725	NAN	
1,5	1,875	-0,025	-0,025	1,875	NAN	
1,6	2,025	-0,015	-0,015	2,025	NAN	
1,7	2,19	-0,02	-0,02	2,19	NAN	
1,8	2,34	-0,015	-0,015	2,34	NAN	
1,9	2,49	-0,015	-0,015	2,49	NAN	
2	2,64	-0,02	-0,02	2,64	NAN	
2,203	2,94	-0,01	-0,01	2,94	NAN	
2,215	2,955	-0,02	-0,02	2,955	NAN	
2,3	3,075	-0,02	-0,02	3,075	NAN	
2,4	3,225	-0,02	-0,02	3,225	NAN	
2,5	3,375	-0,015	-0,015	3,375	NAN	
2,6	3,525	-0,015	-0,015	3,525	NAN	
2,7	3,66	-0,015	-0,015	3,66	NAN	
2,8	3,81	-0,02	-0,02	3,81	NAN	
2,9	3,96	-0,015	-0,015	3,96	NAN	
3	4,095	-0,015	-0,015	4,095	NAN	
3,203	4,365	-0,005	-0,005	4,365	NAN	
3,215	4,395	-0,01	-0,01	4,395	NAN	
3,3	4,515	-0,005	-0,005	4,515	NAN	
3,4	4,665	-0,015	-0,015	4,665	NAN	
3,5	4,8	-0,005	-0,005	4,8	NAN	
3,6	4,935	-0,005	-0,005	4,935	NAN	
3,7	5,07	-0,005	-0,005	5,07	NAN	
3,8	5,205	0	0	5,205	NAN	
3,9	5,34	0	0	5,34	NAN	
4	5,475	0,005	0,005	5,475	NAN	
4,203	5,745	0,025	0,025	5,745	NAN	
4,214	5,775	0,01	0,01	5,775	NAN	
4,3	5,865	0,01	0,01	5,865	NAN	
4,4	6,015	0,015	0,015	6,015	NAN	
4,5	6,135	0,02	0,02	6,135	NAN	
4,6	6,27	0,015	0,015	6,27	NAN	
4,7	6,405	0,02	0,02	6,405	NAN	
4,8	6,54	0,015	0,015	6,54	NAN	
4,9	6,66	0,01	0,01	6,66	NAN	
5	6,78	0,01	0,01	6,78	NAN	
5,219	7,065	0,015	0,015	7,065	NAN	
5,229	7,065	0,01	0,01	7,065	NAN	
5,3	7,155	0,01	0,01	7,155	NAN	
5,4	7,29	0,01	0,01	7,29	NAN	
5,5	7,425	0,005	0,005	7,425	NAN	
5,6	7,545	0	0	7,545	NAN	
5,7	7,665	0	0	7,665	NAN	
5,8	7,8	0,005	0,005	7,8	NAN	
5,9	7,905	0,01	0,01	7,905	NAN	
6	8,04	0,01	0,01	8,04	NAN	
6,219	8,31	0,015	0,015	8,31	NAN	
6,229	8,31	0,015	0,015	8,31	NAN	
6,3	8,4	0,015	0,015	8,4	NAN	
6,4	8,52	0,015	0,015	8,52	NAN	
6,5	8,64	0,02	0,02	8,64	NAN	
6,6	8,76	0,025	0,025	8,76	NAN	
6,7	8,88	0,03	0,03	8,88	NAN	
6,8	9	0,035	0,035	9	NAN	
6,9	9,105	0,035	0,035	9,105	NAN	
7	9,225	0,05	0,05	9,225	NAN	
7,234	9,51	0,06	0,06	9,51	NAN	
7,245	9,51	0,065	0,065	9,51	NAN	
7,3	9,57	0,065	0,065	9,57	NAN	
7,4	9,675	0,065	0,065	9,675	NAN	
7,5	9,795	0,075	0,075	9,795	NAN	
7,6	9,915	0,09	0,09	9,915	NAN	
7,7	10,035	0,095	0,095	10,035	NAN	
7,8	10,14	0,105	0,105	10,14	NAN	
7,9	10,245	0,115	0,115	10,245	NAN	
8	10,365	0,125	0,125	10,365	NAN	
8,234	10,605	0,155	0,155	10,605	NAN	
8,245	10,62	0,16	0,16	10,62	NAN	
8,3	10,68	0,165	0,165	10,68	NAN	
8,4	10,8	0,175	0,175	10,8	NAN	
8,5	10,905	0,18	0,18	10,905	NAN	
8,6	11,01	0,19	0,19	11,01	NAN	
8,7	11,115	0,185	0,185	11,115	NAN	
8,8	11,235	0,185	0,185	11,235	NAN	
8,9	11,325	0,175	0,175	11,325	NAN	
9	11,43	0,165	0,165	11,43	NAN	
9,234	11,67	0,14	0,14	11,67	NAN	
9,245	11,685	0,14	0,14	11,685	NAN	
9,3	11,745	0,125	0,125	11,745	NAN	
9,4	11,85	0,12	0,12	11,85	NAN	
9,5	11,955	0,11	0,11	11,955	NAN	
9,6	12,045	0,1	0,1	12,045	NAN	
9,7	12,165	0,09	0,09	12,165	NAN	
9,8	12,255	0,08	0,08	12,255	NAN	
9,9	12,36	0,075	0,075	12,36	NAN	
10	12,465	0,08	0,08	12,465	NAN	
10,234	12,69	0,075	0,075	12,69	NAN	
10,245	12,705	0,08	0,08	12,705	NAN	
10,3	12,765	0,075	0,075	12,765	NAN	
10,4	12,855	0,075	0,075	12,855	NAN	
10,5	12,945	0,075	0,075	12,945	NAN	
10,6	13,05	0,075	0,075	13,05	NAN	
10,7	13,155	0,09	0,09	13,155	NAN	
10,8	13,245	0,095	0,095	13,245	NAN	
10,9	13,335	0,095	0,095	13,335	NAN	
11	13,44	0,105	0,105	13,44	NAN	
11,234	13,665	0,14	0,14	13,665	NAN	
11,245	13,665	0,14	0,14	13,665	NAN	
11,3	13,725	0,135	0,135	13,725	NAN	
11,4	13,815	0,15	0,15	13,815	NAN	
11,5	13,905	0,165	0,165	13,905	NAN	
11,6	13,995	0,165	0,165	13,995	NAN	
11,7	14,085	0,18	0,18	14,085	NAN	
11,8	14,19	0,19	0,19	14,19	NAN	
11,9	14,265	0,215	0,215	14,265	NAN	
12	14,37	0,225	0,225	14,37	NAN	
12,234	14,58	0,265	0,265	14,58	NAN	
12,245	14,58	0,265	0,265	14,58	NAN	
12,3	14,625	0,275	0,275	14,625	NAN	
12,4	14,73	0,295	0,295	14,73	NAN	
12,5	14,805	0,31	0,31	14,805	NAN	
12,6	14,895	0,325	0,325	14,895	NAN	
12,7	15	0,345	0,345	15	NAN	
12,8	15,075	0,37	0,37	15,075	NAN	
12,9	15,165	0,395	0,395	15,165	NAN	
13	15,255	0,415	0,415	15,255	NAN	
13,234	15,465	0,475	0,475	15,465	NAN	
13,246	15,48	0,475	0,475	15,48	NAN	
13,3	15,525	0,495	0,495	15,525	NAN	
13,4	15,6	0,505	0,505	15,6	NAN	
13,5	15,69	0,53	0,53	15,69	NAN	
13,6	15,78	0,55	0,55	15,78	NAN	
13,7	15,855	0,55	0,55	15,855	NAN	
13,8	15,945	0,555	0,555	15,945	NAN	
13,9	16,02	0,55	0,55	16,02	NAN	
14	16,11	0,545	0,545	16,11	NAN	
14,234	16,305	0,525	0,525	16,305	NAN	
14,245	16,305	0,51	0,51	16,305	NAN	
14,3	16,35	0,51	0,51	16,35	NAN	
14,4	16,44	0,49	0,49	16,44	NAN	
14,5	16,515	0,475	0,475	16,515	NAN	
14,6	16,605	0,445	0,445	16,605	NAN	
14,7	16,68	0,43	0,43	16,68	NAN	
14,8	16,755	0,405	0,405	16,755	NAN	
14,9	16,845	0,38	0,38	16,845	NAN	
15	16,905	0,36	0,36	16,905	NAN	
15,234	17,085	0,32	0,32	17,085	NAN	
15,245	17,1	0,31	0,31	17,1	NAN	
15,3	17,145	0,31	0,31	17,145	NAN	
15,4	17,22	0,29	0,29	17,22	NAN	
15,5	17,295	0,28	0,28	17,295	NAN	
15,6	17,37	0,275	0,275	17,37	NAN	
15,7	17,46	0,265	0,265	17,46	NAN	
15,8	17,535	0,255	0,255	17,535	NAN	
15,9	17,61	0,25	0,25	17,61	NAN	
16	17,685	0,25	0,25	17,685	NAN	
16,234	17,85	0,26	0,26	17,85	NAN	
16,245	17,865	0,255	0,255	17,865	NAN	
16,3	17,895	0,255	0,255	17,895	NAN	
16,4	17,985	0,265	0,265	17,985	NAN	
16,5	18,045	0,27	0,27	18,045	NAN	
16,6	18,12	0,28	0,28	18,12	NAN	
16,7	18,195	0,295	0,295	18,195	NAN	
16,8	18,27	0,3	0,3	18,27	NAN	
16,9	18,345	0,31	0,31	18,345	NAN	
17	18,42	0,32	0,32	18,42	NAN	
17,234	18,585	0,365	0,365	18,585	NAN	
17,245	18,585	0,35	0,35	18,585	NAN	
17,3	18,63	0,36	0,36	18,63	NAN	
17,4	18,69	0,38	0,38	18,69	NAN	
17,5	18,765	0,395	0,395	18,765	NAN	
17,6	18,84	0,425	0,425	18,84	NAN	
17,7	18,9	0,445	0,445	18,9	NAN	
17,8	18,975	0,455	0,455	18,975	NAN	
17,9	19,05	0,48	0,48	19,05	NAN	
18	19,125	0,505	0,505	19,125	NAN	
18,234	19,275	0,555	0,555	19,275	NAN	
18,246	19,275	0,55	0,55	19,275	NAN	
18,3	19,32	0,575	0,575	19,32	NAN	
18,4	19,395	0,595	0,595	19,395	NAN	
18,5	19,455	0,625	0,625	19,455	NAN	
18,6	19,515	0,645	0,645	19,515	NAN	
18,7	19,59	0,655	0,655	19,59	NAN	
18,8	19,65	0,67	0,67	19,65	NAN	
18,9	19,725	0,69	0,69	19,725	NAN	
19	19,785	0,72	0,72	19,785	NAN	
19,234	19,935	0,83	0,83	19,935	NAN	
19,245	19,95	0,825	0,825	19,95	NAN	
19,3	19,98	0,86	0,86	19,98	NAN	
19,4	20,04	0,89	0,89	20,04	NAN	
19,5	20,115	0,92	0,92	20,115	NAN	
19,6	20,175	0,95	0,95	20,175	NAN	
19,7	20,235	0,99	0,99	20,235	NAN	
19,8	20,295	1,02	1,02	20,295	NAN	
19,9	20,355	1,055	1,055	20,355	NAN	
20	20,43	1,085	1,085	20,43	NAN	
20,234	20,565	1,135	1,135	20,565	NAN	
20,244	20,58	1,125	1,125	20,58	NAN	
20,3	20,61	1,15	1,15	20,61	NAN	
20,4	20,655	1,17	1,17	20,655	NAN	
20,5	20,73	1,17	1,17	20,73	NAN	
20,6	20,79	1,175	1,175	20,79	NAN	
20,7	20,85	1,18	1,18	20,85	NAN	
20,8	20,91	1,175	1,175	20,91	NAN	
20,9	20,97	1,18	1,18	20,97	NAN	
21	21,03	1,175	1,175	21,03	NAN	
21,234	21,165	1,15	1,15	21,165	NAN	
21,245	21,18	1,14	1,14	21,18	NAN	
21,3	21,21	1,14	1,14	21,21	NAN	
21,4	21,255	1,13	1,13	21,255	NAN	
21,5	21,33	1,11	1,11	21,33	NAN	
21,6	21,39	1,095	1,095	21,39	NAN	
21,7	21,435	1,07	1,07	21,435	NAN	
21,8	21,495	1,045	1,045	21,495	NAN	
21,9	21,555	1,015	1,015	21,555	NAN	
22	21,6	0,995	0,995	21,6	NAN	
22,233	21,735	0,93	0,93	21,735	NAN	
22,245	21,75	0,915	0,915	21,75	NAN	
22,3	21,78	0,915	0,915	21,78	NAN	
22,4	21,84	0,895	0,895	21,84	NAN	
22,5	21,885	0,865	0,865	21,885	NAN	
22,6	21,945	0,84	0,84	21,945	NAN	
22,7	22,005	0,825	0,825	22,005	NAN	
22,8	22,065	0,81	0,81	22,065	NAN	
22,9	22,11	0,785	0,785	22,11	NAN	
23	22,17	0,76	0,76	22,17	NAN	
23,233	22,29	0,72	0,72	22,29	NAN	
23,245	22,29	0,71	0,71	22,29	NAN	
23,3	22,32	0,715	0,715	22,32	NAN	
23,4	22,38	0,705	0,705	22,38	NAN	
23,5	22,44	0,69	0,69	22,44	NAN	
23,6	22,485	0,685	0,685	22,485	NAN	
23,7	22,53	0,675	0,675	22,53	NAN	
23,8	22,59	0,68	0,68	22,59	NAN	
23,9	22,635	0,675	0,675	22,635	NAN	
24	22,695	0,67	0,67	22,695	NAN	
24,233	22,815	0,675	0,675	22,815	NAN	
24,245	22,815	0,665	0,665	22,815	NAN	
24,3	22,845	0,715	0,715	22,845	NAN	
24,4	22,905	0,805	0,805	22,905	NAN	
24,5	22,95	0,845	0,845	22,95	NAN	
24,6	22,995	0,855	0,855	22,995	NAN	
24,7	23,055	0,85	0,85	23,055	NAN	
24,8	23,1	0,845	0,845	23,1	NAN	
24,9	23,145	0,84	0,84	23,145	NAN	
25	23,205	0,84	0,84	23,205	NAN	
25,233	23,325	0,855	0,855	23,325	NAN	
25,245	23,325	0,85	0,85	23,325	NAN	
25,3	23,355	0,86	0,86	23,355	NAN	
25,4	23,4	0,86	0,86	23,4	NAN	
25,5	23,445	0,875	0,875	23,445	NAN	
25,6	23,49	0,885	0,885	23,49	NAN	
25,7	23,535	0,895	0,895	23,535	NAN	
25,8	23,595	0,905	0,905	23,595	NAN	
25,9	23,64	0,92	0,92	23,64	NAN	
26	23,685	0,935	0,935	23,685	NAN	
26,233	23,79	0,975	0,975	23,79	NAN	
26,245	23,805	0,965	0,965	23,805	NAN	
26,3	23,835	0,98	0,98	23,835	NAN	
26,4	23,865	1	1	23,865	NAN	
26,5	23,925	1,02	1,02	23,925	NAN	
26,6	23,97	1,04	1,04	23,97	NAN	
26,7	24,015	1,06	1,06	24,015	NAN	
26,8	24,06	1,085	1,085	24,06	NAN	
26,9	24,105	1,105	1,105	24,105	NAN	
27	24,15	1,13	1,13	24,15	NAN	
27,233	24,255	1,185	1,185	24,255	NAN	
27,244	24,255	1,175	1,175	24,255	NAN	
27,3	24,285	1,215	1,215	24,285	NAN	
27,4	24,33	1,245	1,245	24,33	NAN	
27,5	24,375	1,27	1,27	24,375	NAN	
27,6	24,435	1,3	1,3	24,435	NAN	
27,7	24,45	1,335	1,335	24,45	NAN	
27,8	24,51	1,365	1,365	24,51	NAN	
27,9	24,54	1,395	1,395	24,54	NAN	
28	24,6	1,425	1,425	24,6	NAN	
28,233	24,69	1,515	1,515	24,69	NAN	
28,244	24,69	1,5	1,5	24,69	NAN	
28,3	24,72	1,54	1,54	24,72	NAN	
28,4	24,765	1,575	1,575	24,765	NAN	
28,5	24,795	1,61	1,61	24,795	NAN	
28,6	24,84	1,645	1,645	24,84	NAN	
28,7	24,885	1,695	1,695	24,885	NAN	
28,8	24,93	1,735	1,735	24,93	NAN	
28,9	24,975	1,795	1,795	24,975	NAN	
29	25,005	1,88	1,88	25,005	NAN	
29,233	25,11	2,03	2,03	25,11	NAN	
29,244	25,11	2,035	2,035	25,11	NAN	
29,3	25,14	2,07	2,07	25,14	NAN	
29,4	25,17	2,105	2,105	25,17	NAN	
29,5	25,215	2,145	2,145	25,215	NAN	
29,6	25,26	2,19	2,19	25,26	NAN	
29,7	25,29	2,225	2,225	25,29	NAN	
29,8	25,335	2,25	2,25	25,335	NAN	
29,9	25,365	2,285	2,285	25,365	NAN	
30	25,41	2,315	2,315	25,41	NAN	
30,233	25,5	2,37	2,37	25,5	NAN	
30,244	25,5	2,365	2,365	25,5	NAN	
30,3	25,53	2,39	2,39	25,53	NAN	
30,4	25,56	2,4	2,4	25,56	NAN	
30,5	25,605	2,415	2,415	25,605	NAN	
30,6	25,65	2,43	2,43	25,65	NAN	
30,7	25,68	2,445	2,445	25,68	NAN	
30,8	25,71	2,46	2,46	25,71	NAN	
30,9	25,755	2,47	2,47	25,755	NAN	
31	25,8	2,475	2,475	25,8	NAN	
31,233	25,89	2,475	2,475	25,89	NAN	
31,243	25,89	2,465	2,465	25,89	NAN	
31,3	25,905	2,475	2,475	25,905	NAN	
31,4	25,95	2,47	2,47	25,95	NAN	
31,5	25,98	2,475	2,475	25,98	NAN	
31,6	26,01	2,475	2,475	26,01	NAN	
31,7	26,055	2,46	2,46	26,055	NAN	
31,8	26,085	2,465	2,465	26,085	NAN	
31,9	26,13	2,45	2,45	26,13	NAN	
32	26,16	2,435	2,435	26,16	NAN	
32,233	26,235	2,4	2,4	26,235	NAN	
32,244	26,25	2,395	2,395	26,25	NAN	
32,3	26,28	2,385	2,385	26,28	NAN	
32,4	26,31	2,365	2,365	26,31	NAN	
32,5	26,34	2,34	2,34	26,34	NAN	
32,6	26,385	2,32	2,32	26,385	NAN	
32,7	26,415	2,295	2,295	26,415	NAN	
32,8	26,445	2,27	2,27	26,445	NAN	
32,9	26,475	2,255	2,255	26,475	NAN	
33	26,505	2,225	2,225	26,505	NAN	
33,233	26,595	2,175	2,175	26,595	NAN	
33,243	26,595	2,16	2,16	26,595	NAN	
33,3	26,61	2,16	2,16	26,61	NAN	
33,4	26,655	2,135	2,135	26,655	NAN	
33,5	26,685	2,105	2,105	26,685	NAN	
33,6	26,73	2,09	2,09	26,73	NAN	
33,7	26,76	2,065	2,065	26,76	NAN	
33,8	26,79	2,04	2,04	26,79	NAN	
33,9	26,82	2,01	2,01	26,82	NAN	
34	26,85	1,99	1,99	26,85	NAN	
0	0,525	-0,03	-0,03	0,525	NAN	
0,107	0,465	-0,01	-0,01	0,465	NAN	
0,2	0,435	-0,025	-0,025	0,435	NAN	
0,31	0,39	-0,005	-0,005	0,39	NAN	
0,403	0,39	-0,01	-0,01	0,39	NAN	
0,513	0,36	-0,005	-0,005	0,36	NAN	
0,607	0,36	-0,005	-0,005	0,36	NAN	
0,7	0,36	-0,025	-0,025	0,36	NAN	
0,81	0,345	-0,01	-0,01	0,345	NAN	
0,903	0,345	-0,01	-0,01	0,345	NAN	
1,013	0,33	-0,015	-0,015	0,33	NAN	
1,106	0,33	-0,005	-0,005	0,33	NAN	
1,2	0,33	-0,015	-0,015	0,33	NAN	
1,31	0,33	-0,01	-0,01	0,33	NAN	
1,403	0,33	-0,015	-0,015	0,33	NAN	
1,513	0,33	-0,015	-0,015	0,33	NAN	
1,606	0,33	-0,005	-0,005	0,33	NAN	
1,7	0,33	-0,025	-0,025	0,33	NAN	
1,81	0,33	-0,005	-0,005	0,33	NAN	
1,903	0,33	-0,005	-0,005	0,33	NAN	
2,013	0,33	-0,01	-0,01	0,33	NAN	
2,106	0,33	-0,01	-0,01	0,33	NAN	
2,2	0,33	-0,02	-0,02	0,33	NAN	
2,31	0,33	-0,01	-0,01	0,33	NAN	
2,403	0,315	-0,02	-0,02	0,315	NAN	
2,513	0,33	-0,015	-0,015	0,33	NAN	
2,606	0,33	0	0	0,33	NAN	
2,7	0,315	-0,025	-0,025	0,315	NAN	
2,81	0,33	-0,01	-0,01	0,33	NAN	
2,903	0,33	-0,015	-0,015	0,33	NAN	
3,013	0,315	-0,02	-0,02	0,315	NAN	
3,2	0,33	-0,025	-0,025	0,33	NAN	
3,211	0,315	-0,01	-0,01	0,315	NAN	
3,31	0,315	-0,01	-0,01	0,315	NAN	
3,403	0,315	-0,01	-0,01	0,315	NAN	
3,513	0,315	-0,015	-0,015	0,315	NAN	
3,606	0,315	-0,01	-0,01	0,315	NAN	
3,7	0,315	-0,02	-0,02	0,315	NAN	
3,809	0,315	0	0	0,315	NAN	
3,903	0,315	-0,01	-0,01	0,315	NAN	
4,013	0,33	-0,02	-0,02	0,33	NAN	
4,106	0,315	-0,005	-0,005	0,315	NAN	
4,2	0,315	-0,02	-0,02	0,315	NAN	
4,309	0,315	-0,01	-0,01	0,315	NAN	
4,403	0,315	-0,015	-0,015	0,315	NAN	
4,513	0,315	-0,015	-0,015	0,315	NAN	
4,606	0,315	-0,005	-0,005	0,315	NAN	
4,7	0,315	-0,02	-0,02	0,315	NAN	
4,809	0,315	-0,005	-0,005	0,315	NAN	
4,903	0,315	-0,015	-0,015	0,315	NAN	
5,013	0,315	-0,02	-0,02	0,315	NAN	
5,106	0,315	-0,005	-0,005	0,315	NAN	
5,2	0,315	-0,02	-0,02	0,315	NAN	
5,309	0,315	-0,01	-0,01	0,315	NAN	
5,403	0,315	-0,015	-0,015	0,315	NAN	
5,513	0,315	-0,015	-0,015	0,315	NAN	
5,606	0,315	-0,005	-0,005	0,315	NAN	
5,7	0,315	-0,025	-0,025	0,315	NAN	
5,809	0,315	-0,01	-0,01	0,315	NAN	
5,903	0,315	-0,01	-0,01	0,315	NAN	
6,012	0,315	-0,015	-0,015	0,315	NAN	
6,106	0,315	-0,01	-0,01	0,315	NAN	
6,2	0,315	-0,025	-0,025	0,315	NAN	
6,309	0,315	-0,01	-0,01	0,315	NAN	
6,403	0,315	-0,01	-0,01	0,315	NAN	
6,512	0,315	-0,02	-0,02	0,315	NAN	
6,606	0,315	-0,005	-0,005	0,315	NAN	
6,7	0,315	-0,02	-0,02	0,315	NAN	
6,809	0,315	-0,01	-0,01	0,315	NAN	
6,903	0,315	-0,015	-0,015	0,315	NAN	
7,012	0,315	-0,02	-0,02	0,315	NAN	
7,106	0,315	-0,005	-0,005	0,315	NAN	
7,2	0,315	-0,02	-0,02	0,315	NAN	
7,309	0,315	-0,01	-0,01	0,315	NAN	
7,403	0,315	-0,01	-0,01	0,315	NAN	
7,512	0,315	-0,02	-0,02	0,315	NAN	
7,606	0,315	-0,005	-0,005	0,315	NAN	
7,7	0,315	-0,02	-0,02	0,315	NAN	
7,809	0,3	-0,01	-0,01	0,3	NAN	
7,903	0,315	-0,01	-0,01	0,315	NAN	
8,012	0,315	-0,015	-0,015	0,315	NAN	
8,106	0,315	-0,005	-0,005	0,315	NAN	
8,2	0,315	-0,015	-0,015	0,315	NAN	
8,309	0,315	-0,01	-0,01	0,315	NAN	
8,403	0,315	-0,01	-0,01	0,315	NAN	
8,512	0,315	-0,02	-0,02	0,315	NAN	
8,606	0,315	-0,005	-0,005	0,315	NAN	
8,7	0,315	-0,02	-0,02	0,315	NAN	
8,809	0,315	-0,01	-0,01	0,315	NAN	
8,903	0,315	-0,01	-0,01	0,315	NAN	
9,012	0,315	-0,01	-0,01	0,315	NAN	
9,106	0,315	-0,005	-0,005	0,315	NAN	
9,2	0,33	-0,02	-0,02	0,33	NAN	
9,309	0,315	-0,01	-0,01	0,315	NAN	
9,403	0,315	-0,015	-0,015	0,315	NAN	
9,512	0,315	-0,025	-0,025	0,315	NAN	
9,606	0,315	-0,005	-0,005	0,315	NAN	
9,7	0,315	-0,025	-0,025	0,315	NAN	
9,809	0,315	-0,01	-0,01	0,315	NAN	
9,903	0,315	-0,015	-0,015	0,315	NAN	
10,012	0,315	-0,02	-0,02	0,315	NAN	
10,106	0,315	-0,005	-0,005	0,315	NAN	
10,2	0,315	-0,02	-0,02	0,315	NAN	
10,309	0,315	-0,015	-0,015	0,315	NAN	
10,403	0,315	-0,015	-0,015	0,315	NAN	
10,512	0,315	-0,025	-0,025	0,315	NAN	
10,606	0,315	-0,005	-0,005	0,315	NAN	
10,7	0,315	-0,02	-0,02	0,315	NAN	
10,809	0,315	-0,015	-0,015	0,315	NAN	
10,903	0,315	-0,015	-0,015	0,315	NAN	
11,012	0,315	-0,02	-0,02	0,315	NAN	
11,106	0,315	-0,005	-0,005	0,315	NAN	
11,2	0,315	-0,02	-0,02	0,315	NAN	
11,309	0,315	-0,01	-0,01	0,315	NAN	
11,403	0,315	-0,01	-0,01	0,315	NAN	
11,512	0,315	-0,025	-0,025	0,315	NAN	
11,606	0,315	-0,005	-0,005	0,315	NAN	
11,7	0,315	-0,02	-0,02	0,315	NAN	
11,809	0,315	-0,005	-0,005	0,315	NAN	
11,903	0,315	-0,01	-0,01	0,315	NAN	
12,012	0,315	-0,025	-0,025	0,315	NAN	
12,106	0,315	0	0	0,315	NAN	
12,2	0,315	-0,02	-0,02	0,315	NAN	
12,309	0,315	-0,01	-0,01	0,315	NAN	
12,403	0,315	-0,015	-0,015	0,315	NAN	
12,512	0,315	-0,025	-0,025	0,315	NAN	
12,606	0,3	-0,01	-0,01	0,3	NAN	
12,7	0,315	-0,015	-0,015	0,315	NAN	
12,809	0,315	-0,005	-0,005	0,315	NAN	
12,903	0,315	-0,015	-0,015	0,315	NAN	
13,012	0,315	-0,025	-0,025	0,315	NAN	
13,106	0,315	-0,01	-0,01	0,315	NAN	
13,2	0,315	-0,015	-0,015	0,315	NAN	
13,309	0,315	-0,015	-0,015	0,315	NAN	
13,403	0,315	-0,01	-0,01	0,315	NAN	
13,512	0,315	-0,025	-0,025	0,315	NAN	
13,606	0,315	-0,01	-0,01	0,315	NAN	
13,7	0,315	-0,015	-0,015	0,315	NAN	
13,809	0,315	-0,01	-0,01	0,315	NAN	
13,903	0,3	-0,005	-0,005	0,3	NAN	
14,012	0,315	-0,02	-0,02	0,315	NAN	
14,106	0,315	-0,005	-0,005	0,315	NAN	
14,2	0,315	-0,02	-0,02	0,315	NAN	
14,309	0,315	-0,01	-0,01	0,315	NAN	
14,403	0,315	-0,015	-0,015	0,315	NAN	
14,512	0,315	-0,025	-0,025	0,315	NAN	
14,606	0,315	0	0	0,315	NAN	
14,7	0,315	-0,025	-0,025	0,315	NAN	
14,809	0,315	-0,01	-0,01	0,315	NAN	
14,903	0,315	-0,01	-0,01	0,315	NAN	
15,012	0,315	-0,02	-0,02	0,315	NAN	
15,106	0,315	0	0	0,315	NAN	
15,2	0,315	-0,025	-0,025	0,315	NAN	
15,309	0,33	-0,01	-0,01	0,33	NAN	
15,403	0,315	-0,01	-0,01	0,315	NAN	
15,512	0,315	-0,025	-0,025	0,315	NAN	
15,606	0,315	-0,005	-0,005	0,315	NAN	
15,715	0,315	-0,025	-0,025	0,315	NAN	
15,809	0,315	-0,015	-0,015	0,315	NAN	
15,903	0,315	-0,01	-0,01	0,315	NAN	
16,012	0,315	-0,025	-0,025	0,315	NAN	
16,106	0,3	-0,005	-0,005	0,3	NAN	
16,215	0,315	-0,02	-0,02	0,315	NAN	
16,309	0,315	-0,01	-0,01	0,315	NAN	
16,403	0,315	-0,015	-0,015	0,315	NAN	
16,512	0,315	-0,025	-0,025	0,315	NAN	
16,606	0,315	-0,005	-0,005	0,315	NAN	
16,715	0,315	-0,025	-0,025	0,315	NAN	
16,809	0,315	-0,01	-0,01	0,315	NAN	
16,903	0,315	-0,015	-0,015	0,315	NAN	
17,012	0,315	-0,02	-0,02	0,315	NAN	
17,106	0,315	-0,005	-0,005	0,315	NAN	
17,215	0,315	-0,02	-0,02	0,315	NAN	
17,309	0,315	-0,015	-0,015	0,315	NAN	
17,403	0,315	-0,01	-0,01	0,315	NAN	
17,512	0,3	-0,025	-0,025	0,3	NAN	
17,606	0,315	-0,005	-0,005	0,315	NAN	
17,715	0,315	-0,025	-0,025	0,315	NAN	
17,809	0,315	-0,01	-0,01	0,315	NAN	
17,902	0,315	-0,01	-0,01	0,315	NAN	
18,012	0,315	-0,02	-0,02	0,315	NAN	
18,106	0,3	-0,005	-0,005	0,3	NAN	
18,215	0,315	-0,025	-0,025	0,315	NAN	
18,309	0,315	-0,01	-0,01	0,315	NAN	
18,402	0,3	-0,01	-0,01	0,3	NAN	
18,512	0,315	-0,025	-0,025	0,315	NAN	
18,606	0,315	-0,01	-0,01	0,315	NAN	
18,715	0,315	-0,02	-0,02	0,315	NAN	
18,809	0,3	-0,015	-0,015	0,3	NAN	
18,902	0,315	-0,015	-0,015	0,315	NAN	
19,012	0,315	-0,025	-0,025	0,315	NAN	
19,106	0,315	-0,005	-0,005	0,315	NAN	
19,215	0,315	-0,025	-0,025	0,315	NAN	
19,309	0,315	-0,01	-0,01	0,315	NAN	
19,402	0,315	-0,015	-0,015	0,315	NAN	
19,512	0,315	-0,02	-0,02	0,315	NAN	
19,606	0,315	-0,01	-0,01	0,315	NAN	
19,715	0,315	-0,02	-0,02	0,315	NAN	
19,809	0,3	-0,02	-0,02	0,3	NAN	
19,902	0,315	-0,015	-0,015	0,315	NAN	
20,012	0,315	-0,015	-0,015	0,315	NAN	
20,105	0,315	0	0	0,315	NAN	
20,215	0,315	-0,025	-0,025	0,315	NAN	
20,309	0,315	-0,015	-0,015	0,315	NAN	
20,402	0,315	-0,015	-0,015	0,315	NAN	
20,512	0,315	-0,015	-0,015	0,315	NAN	
20,605	0,315	-0,005	-0,005	0,315	NAN	
20,715	0,315	-0,02	-0,02	0,315	NAN	
20,809	0,315	-0,01	-0,01	0,315	NAN	
20,902	0,315	-0,015	-0,015	0,315	NAN	
21,012	0,315	-0,02	-0,02	0,315	NAN	
21,105	0,315	-0,005	-0,005	0,315	NAN	
21,215	0,315	-0,025	-0,025	0,315	NAN	
21,309	0,315	-0,015	-0,015	0,315	NAN	
21,402	0,315	-0,015	-0,015	0,315	NAN	
21,512	0,315	-0,02	-0,02	0,315	NAN	
21,605	0,315	-0,005	-0,005	0,315	NAN	
21,715	0,315	-0,02	-0,02	0,315	NAN	
21,809	0,315	-0,01	-0,01	0,315	NAN	
21,902	0,315	-0,015	-0,015	0,315	NAN	
22,012	0,315	-0,015	-0,015	0,315	NAN	
22,105	0,3	-0,005	-0,005	0,3	NAN	
22,215	0,33	-0,025	-0,025	0,33	NAN	
22,308	0,315	-0,005	-0,005	0,315	NAN	
22,402	0,315	-0,015	-0,015	0,315	NAN	
22,512	0,315	-0,02	-0,02	0,315	NAN	
22,605	0,3	0	0	0,3	NAN	
22,715	0,315	-0,025	-0,025	0,315	NAN	
22,808	0,315	-0,01	-0,01	0,315	NAN	
22,902	0,315	-0,015	-0,015	0,315	NAN	
23,012	0,315	-0,01	-0,01	0,315	NAN	
23,105	0,315	-0,005	-0,005	0,315	NAN	
23,215	0,315	-0,02	-0,02	0,315	NAN	
23,308	0,315	-0,015	-0,015	0,315	NAN	
23,402	0,315	-0,02	-0,02	0,315	NAN	
23,512	0,315	-0,02	-0,02	0,315	NAN	
23,605	0,315	-0,005	-0,005	0,315	NAN	
23,715	0,315	-0,025	-0,025	0,315	NAN	
23,808	0,315	-0,01	-0,01	0,315	NAN	
23,902	0,315	-0,015	-0,015	0,315	NAN	
24,012	0,315	-0,015	-0,015	0,315	NAN	
24,105	0,315	-0,005	-0,005	0,315	NAN	
24,215	0,315	-0,025	-0,025	0,315	NAN	
24,308	0,315	-0,01	-0,01	0,315	NAN	
24,402	0,315	-0,02	-0,02	0,315	NAN	
24,511	0,315	-0,015	-0,015	0,315	NAN	
24,605	0,315	-0,005	-0,005	0,315	NAN	
24,715	0,315	-0,025	-0,025	0,315	NAN	
24,808	0,315	-0,005	-0,005	0,315	NAN	
24,902	0,315	-0,02	-0,02	0,315	NAN	
25,012	0,315	-0,015	-0,015	0,315	NAN	
25,105	0,315	-0,01	-0,01	0,315	NAN	
25,215	0,315	-0,025	-0,025	0,315	NAN	
25,308	0,315	-0,005	-0,005	0,315	NAN	
25,402	0,315	-0,02	-0,02	0,315	NAN	
25,511	0,315	-0,015	-0,015	0,315	NAN	
25,605	0,3	-0,005	-0,005	0,3	NAN	
25,715	0,315	-0,025	-0,025	0,315	NAN	
25,808	0,315	-0,005	-0,005	0,315	NAN	
25,902	0,315	-0,025	-0,025	0,315	NAN	
26,011	0,315	-0,02	-0,02	0,315	NAN	
26,105	0,315	-0,01	-0,01	0,315	NAN	
26,215	0,315	-0,02	-0,02	0,315	NAN	
26,308	0,315	-0,005	-0,005	0,315	NAN	
26,402	0,315	-0,02	-0,02	0,315	NAN	
26,511	0,315	-0,01	-0,01	0,315	NAN	
26,605	0,315	-0,005	-0,005	0,315	NAN	
26,714	0,315	-0,025	-0,025	0,315	NAN	
26,808	0,315	-0,005	-0,005	0,315	NAN	
26,902	0,315	-0,015	-0,015	0,315	NAN	
27,011	0,315	-0,015	-0,015	0,315	NAN	
27,105	0,315	-0,01	-0,01	0,315	NAN	
27,214	0,315	-0,02	-0,02	0,315	NAN	
27,308	0,315	0	0	0,315	NAN	
27,402	0,315	-0,02	-0,02	0,315	NAN	
27,511	0,315	-0,015	-0,015	0,315	NAN	
27,605	0,315	-0,01	-0,01	0,315	NAN	
27,714	0,315	-0,02	-0,02	0,315	NAN	
27,808	0,315	-0,01	-0,01	0,315	NAN	
27,902	0,315	-0,015	-0,015	0,315	NAN	
28,011	0,315	-0,015	-0,015	0,315	NAN	
28,105	0,315	-0,01	-0,01	0,315	NAN	
28,214	0,315	-0,025	-0,025	0,315	NAN	
28,308	0,315	-0,005	-0,005	0,315	NAN	
28,402	0,315	-0,025	-0,025	0,315	NAN	
28,511	0,315	-0,015	-0,015	0,315	NAN	
28,605	0,315	-0,015	-0,015	0,315	NAN	
28,714	0,315	-0,025	-0,025	0,315	NAN	
28,808	0,315	-0,005	-0,005	0,315	NAN	
28,902	0,315	-0,015	-0,015	0,315	NAN	
29,011	0,3	-0,01	-0,01	0,3	NAN	
29,105	0,315	-0,02	-0,02	0,315	NAN	
29,214	0,315	-0,025	-0,025	0,315	NAN	
29,308	0,315	-0,005	-0,005	0,315	NAN	
29,402	0,315	-0,02	-0,02	0,315	NAN	
29,511	0,315	-0,01	-0,01	0,315	NAN	
29,605	0,315	-0,01	-0,01	0,315	NAN	
29,714	0,315	-0,015	-0,015	0,315	NAN	
29,808	0,315	-0,005	-0,005	0,315	NAN	
29,902	0,315	-0,02	-0,02	0,315	NAN	
30,011	0,3	-0,01	-0,01	0,3	NAN	
30,105	0,315	-0,01	-0,01	0,315	NAN	
30,214	0,315	-0,02	-0,02	0,315	NAN	
30,308	0,315	-0,005	-0,005	0,315	NAN	
30,402	0,315	-0,02	-0,02	0,315	NAN	
30,511	0,315	-0,01	-0,01	0,315	NAN	
30,605	0,315	-0,02	-0,02	0,315	NAN	
30,714	0,315	-0,025	-0,025	0,315	NAN	
30,808	0,315	0	0	0,315	NAN	
30,902	0,315	-0,02	-0,02	0,315	NAN	
31,011	0,315	-0,01	-0,01	0,315	NAN	
31,105	0,315	-0,005	-0,005	0,315	NAN	
31,214	0,315	-0,02	-0,02	0,315	NAN	
31,308	0,315	-0,005	-0,005	0,315	NAN	
31,402	0,315	-0,025	-0,025	0,315	NAN	
31,511	0,315	-0,005	-0,005	0,315	NAN	
31,605	0,315	-0,015	-0,015	0,315	NAN	
31,714	0,315	-0,025	-0,025	0,315	NAN	
31,808	0,315	-0,01	-0,01	0,315	NAN	
31,902	0,315	-0,02	-0,02	0,315	NAN	
32,011	0,315	-0,015	-0,015	0,315	NAN	
32,105	0,3	-0,01	-0,01	0,3	NAN	
32,214	0,315	-0,02	-0,02	0,315	NAN	
32,308	0,315	-0,005	-0,005	0,315	NAN	
32,402	0,315	-0,025	-0,025	0,315	NAN	
32,511	0,315	-0,01	-0,01	0,315	NAN	
32,605	0,315	-0,015	-0,015	0,315	NAN	
32,714	0,315	-0,02	-0,02	0,315	NAN	
32,808	0,315	-0,005	-0,005	0,315	NAN	
32,902	0,315	-0,02	-0,02	0,315	NAN	
33,011	0,315	-0,005	-0,005	0,315	NAN	
33,105	0,315	-0,01	-0,01	0,315	NAN	
33,214	0,315	-0,025	-0,025	0,315	NAN	
33,308	0,315	0	0	0,315	NAN	
33,402	0,315	-0,015	-0,015	0,315	NAN	
33,511	0,315	-0,005	-0,005	0,315	NAN	
33,605	0,315	-0,015	-0,015	0,315	NAN	
33,714	0,315	-0,02	-0,02	0,315	NAN	
33,808	0,315	-0,005	-0,005	0,315	NAN	
33,902	0,315	-0,02	-0,02	0,315	NAN	
34,011	0,315	-0,01	-0,01	0,315	NAN	
34,105	0,315	-0,01	-0,01	0,315	NAN	
34,214	0,3	-0,02	-0,02	0,3	NAN	
34,308	0,315	-0,005	-0,005	0,315	NAN	
34,402	0,315	-0,02	-0,02	0,315	NAN	
34,511	0,315	-0,005	-0,005	0,315	NAN	
34,605	0,315	-0,01	-0,01	0,315	NAN	
34,714	0,315	-0,015	-0,015	0,315	NAN	
34,808	0,315	-0,005	-0,005	0,315	NAN	
34,902	0,315	-0,025	-0,025	0,315	NAN	
35,011	0,315	-0,01	-0,01	0,315	NAN	
35,105	0,3	-0,01	-0,01	0,3	NAN	
35,214	0,315	-0,015	-0,015	0,315	NAN	
35,308	0,3	-0,01	-0,01	0,3	NAN	
35,402	0,315	-0,015	-0,015	0,315	NAN	
35,511	0,315	-0,015	-0,015	0,315	NAN	
35,605	0,315	-0,01	-0,01	0,315	NAN	
35,714	0,315	-0,015	-0,015	0,315	NAN	
35,808	0,3	-0,005	-0,005	0,3	NAN	
35,902	0,315	-0,03	-0,03	0,315	NAN	
36,011	0,315	-0,01	-0,01	0,315	NAN	
36,105	0,315	-0,005	-0,005	0,315	NAN	
36,214	0,315	-0,02	-0,02	0,315	NAN	
36,308	0,315	-0,01	-0,01	0,315	NAN	
36,401	0,315	-0,015	-0,015	0,315	NAN	
36,511	0,315	-0,01	-0,01	0,315	NAN	
36,605	0,3	-0,015	-0,015	0,3	NAN	
36,714	0,3	-0,02	-0,02	0,3	NAN	
36,808	0,315	-0,005	-0,005	0,315	NAN	
36,901	0,315	-0,02	-0,02	0,315	NAN	
37,011	0,315	-0,015	-0,015	0,315	NAN	
37,105	0,315	-0,01	-0,01	0,315	NAN	
37,214	0,315	-0,02	-0,02	0,315	NAN	
37,308	0,315	-0,005	-0,005	0,315	NAN	
37,401	0,315	-0,02	-0,02	0,315	NAN	
37,511	0,315	-0,015	-0,015	0,315	NAN	
37,605	0,315	-0,01	-0,01	0,315	NAN	
37,714	0,315	-0,025	-0,025	0,315	NAN	
37,808	0,3	-0,005	-0,005	0,3	NAN	
37,901	0,315	-0,02	-0,02	0,315	NAN	
38,011	0,315	-0,01	-0,01	0,315	NAN	
38,105	0,315	-0,01	-0,01	0,315	NAN	
38,214	0,315	-0,025	-0,025	0,315	NAN	
38,308	0,315	-0,005	-0,005	0,315	NAN	
38,401	0,315	-0,01	-0,01	0,315	NAN	
38,511	0,315	-0,01	-0,01	0,315	NAN	
38,604	0,315	-0,01	-0,01	0,315	NAN	
38,714	0,315	-0,02	-0,02	0,315	NAN	
38,808	0,315	-0,005	-0,005	0,315	NAN	
38,901	0,315	-0,015	-0,015	0,315	NAN	
39,011	0,315	-0,015	-0,015	0,315	NAN	
39,104	0,315	-0,01	-0,01	0,315	NAN	
39,214	0,315	-0,02	-0,02	0,315	NAN	
39,308	0,315	-0,01	-0,01	0,315	NAN	
39,401	0,315	-0,015	-0,015	0,315	NAN	
39,511	0,315	-0,01	-0,01	0,315	NAN	
39,604	0,315	-0,005	-0,005	0,315	NAN	
39,714	0,315	-0,025	-0,025	0,315	NAN	
39,808	0,315	-0,01	-0,01	0,315	NAN	
39,901	0,315	-0,02	-0,02	0,315	NAN	
40,011	0,315	-0,015	-0,015	0,315	NAN	
40,104	0,315	-0,01	-0,01	0,315	NAN	
40,214	0,315	-0,02	-0,02	0,315	NAN	
40,308	0,3	-0,01	-0,01	0,3	NAN	
40,401	0,315	-0,01	-0,01	0,315	NAN	
40,511	0,315	-0,015	-0,015	0,315	NAN	
40,604	0,315	0	0	0,315	NAN	
40,714	0,315	-0,02	-0,02	0,315	NAN	
40,807	0,315	-0,005	-0,005	0,315	NAN	
40,901	0,3	-0,01	-0,01	0,3	NAN	
41,011	0,3	-0,015	-0,015	0,3	NAN	
41,104	0,315	-0,01	-0,01	0,315	NAN	
41,214	0,315	-0,02	-0,02	0,315	NAN	
41,308	0,315	0	0	0,315	NAN	
41,401	0,315	-0,02	-0,02	0,315	NAN	
41,511	0,315	-0,015	-0,015	0,315	NAN	
41,604	0,315	-0,015	-0,015	0,315	NAN	
41,714	0,315	-0,025	-0,025	0,315	NAN	
41,807	0,315	-0,005	-0,005	0,315	NAN	
41,901	0,315	-0,01	-0,01	0,315	NAN	
42,011	0,315	-0,015	-0,015	0,315	NAN	
42,104	0,315	-0,005	-0,005	0,315	NAN	
42,214	0,315	-0,02	-0,02	0,315	NAN	
42,307	0,315	-0,005	-0,005	0,315	NAN	
42,401	0,315	-0,01	-0,01	0,315	NAN	
42,511	0,315	-0,015	-0,015	0,315	NAN	
42,604	0,315	-0,005	-0,005	0,315	NAN	
42,714	0,315	-0,025	-0,025	0,315	NAN	
42,807	0,315	-0,015	-0,015	0,315	NAN	
42,901	0,315	-0,015	-0,015	0,315	NAN	
43,011	0,315	-0,02	-0,02	0,315	NAN	
43,104	0,315	-0,005	-0,005	0,315	NAN	
43,214	0,315	-0,02	-0,02	0,315	NAN	
43,307	0,315	-0,005	-0,005	0,315	NAN	
43,401	0,315	-0,015	-0,015	0,315	NAN	
43,51	0,315	-0,02	-0,02	0,315	NAN	
43,604	0,315	-0,005	-0,005	0,315	NAN	
43,714	0,315	-0,02	-0,02	0,315	NAN	
43,807	0,315	-0,01	-0,01	0,315	NAN	
43,901	0,315	-0,01	-0,01	0,315	NAN	
44,01	0,315	-0,02	-0,02	0,315	NAN	
44,104	0,315	-0,01	-0,01	0,315	NAN	
44,214	0,315	-0,02	-0,02	0,315	NAN	
44,307	0,315	-0,015	-0,015	0,315	NAN	
44,401	0,315	-0,015	-0,015	0,315	NAN	
44,51	0,315	-0,02	-0,02	0,315	NAN	
44,604	0,315	0	0	0,315	NAN	
44,714	0,315	-0,025	-0,025	0,315	NAN	
44,807	0,315	-0,01	-0,01	0,315	NAN	
44,901	0,315	-0,015	-0,015	0,315	NAN	
45,01	0,315	-0,02	-0,02	0,315	NAN	
45,104	0,315	-0,005	-0,005	0,315	NAN	
45,214	0,315	-0,025	-0,025	0,315	NAN	
45,307	0,315	-0,01	-0,01	0,315	NAN	
45,401	0,315	-0,01	-0,01	0,315	NAN	
45,51	0,315	-0,025	-0,025	0,315	NAN	
45,604	0,315	-0,01	-0,01	0,315	NAN	
45,713	0,315	-0,02	-0,02	0,315	NAN	
45,807	0,315	-0,005	-0,005	0,315	NAN	
45,901	0,315	-0,015	-0,015	0,315	NAN	
46,01	0,315	-0,02	-0,02	0,315	NAN	
46,104	0,315	-0,005	-0,005	0,315	NAN	
46,213	0,315	-0,025	-0,025	0,315	NAN	
46,307	0,315	-0,005	-0,005	0,315	NAN	
46,401	0,315	-0,01	-0,01	0,315	NAN	
46,51	0,315	-0,02	-0,02	0,315	NAN	
46,604	0,315	-0,005	-0,005	0,315	NAN	
46,713	0,315	-0,025	-0,025	0,315	NAN	
46,807	0,315	-0,01	-0,01	0,315	NAN	
46,901	0,315	-0,01	-0,01	0,315	NAN	
47,01	0,315	-0,025	-0,025	0,315	NAN	
47,104	0,315	0	0	0,315	NAN	
47,213	0,315	-0,02	-0,02	0,315	NAN	
47,307	0,315	-0,01	-0,01	0,315	NAN	
47,401	0,3	-0,015	-0,015	0,3	NAN	
47,51	0,315	-0,02	-0,02	0,315	NAN	
47,604	0,315	-0,01	-0,01	0,315	NAN	
47,713	0,315	-0,025	-0,025	0,315	NAN	
47,807	0,315	-0,015	-0,015	0,315	NAN	
47,901	0,315	-0,015	-0,015	0,315	NAN	
48,01	0,315	-0,02	-0,02	0,315	NAN	
48,104	0,315	0	0	0,315	NAN	
48,213	0,315	-0,015	-0,015	0,315	NAN	
48,307	0,315	-0,015	-0,015	0,315	NAN	
48,401	0,315	-0,01	-0,01	0,315	NAN	
48,51	0,315	-0,025	-0,025	0,315	NAN	
48,604	0,315	-0,005	-0,005	0,315	NAN	
48,713	0,315	-0,02	-0,02	0,315	NAN	
48,807	0,315	-0,015	-0,015	0,315	NAN	
48,901	0,315	-0,01	-0,01	0,315	NAN	
49,01	0,315	-0,015	-0,015	0,315	NAN	
49,104	0,315	-0,005	-0,005	0,315	NAN	
49,213	0,315	-0,02	-0,02	0,315	NAN	
49,307	0,315	-0,005	-0,005	0,315	NAN	
49,401	0,315	-0,015	-0,015	0,315	NAN	
49,51	0,315	-0,025	-0,025	0,315	NAN	
49,604	0,315	-0,005	-0,005	0,315	NAN	
49,713	0,315	-0,02	-0,02	0,315	NAN	
49,807	0,315	-0,01	-0,01	0,315	NAN	
49,901	0,315	-0,005	-0,005	0,315	NAN	
50,01	0,315	-0,02	-0,02	0,315	NAN	
50,104	0,3	-0,005	-0,005	0,3	NAN	
50,213	0,315	-0,015	-0,015	0,315	NAN	
50,307	0,3	-0,015	-0,015	0,3	NAN	
50,401	0,315	-0,005	-0,005	0,315	NAN	
50,51	0,315	-0,02	-0,02	0,315	NAN	
50,604	0,315	-0,01	-0,01	0,315	NAN	
50,713	0,315	-0,02	-0,02	0,315	NAN	
50,807	0,315	-0,01	-0,01	0,315	NAN	
50,901	0,315	-0,01	-0,01	0,315	NAN	
51,01	0,315	-0,02	-0,02	0,315	NAN	
51,104	0,315	-0,005	-0,005	0,315	NAN	
51,213	0,315	-0,025	-0,025	0,315	NAN	
51,307	0,315	-0,01	-0,01	0,315	NAN	
51,401	0,315	-0,01	-0,01	0,315	NAN	
51,51	0,315	-0,02	-0,02	0,315	NAN	
51,604	0,315	-0,01	-0,01	0,315	NAN	
51,713	0,315	-0,02	-0,02	0,315	NAN	
51,807	0,315	-0,02	-0,02	0,315	NAN	
51,901	0,315	-0,01	-0,01	0,315	NAN	
52,01	0,315	-0,02	-0,02	0,315	NAN	
52,104	0,315	-0,005	-0,005	0,315	NAN	
52,213	0,315	-0,02	-0,02	0,315	NAN	
52,307	0,315	-0,01	-0,01	0,315	NAN	
52,401	0,315	-0,01	-0,01	0,315	NAN	
52,51	0,315	-0,02	-0,02	0,315	NAN	
52,604	0,315	-0,005	-0,005	0,315	NAN	
52,713	0,315	-0,02	-0,02	0,315	NAN	
52,807	0,315	-0,01	-0,01	0,315	NAN	
52,901	0,315	-0,015	-0,015	0,315	NAN	
53,01	0,315	-0,025	-0,025	0,315	NAN	
53,104	0,3	-0,01	-0,01	0,3	NAN	
53,213	0,315	-0,025	-0,025	0,315	NAN	
53,307	0,315	-0,01	-0,01	0,315	NAN	
53,401	0,315	-0,005	-0,005	0,315	NAN	
53,51	0,315	-0,025	-0,025	0,315	NAN	
53,604	0,315	-0,01	-0,01	0,315	NAN	
53,713	0,315	-0,02	-0,02	0,315	NAN	
53,807	0,315	-0,015	-0,015	0,315	NAN	
53,901	0,315	-0,01	-0,01	0,315	NAN	
54,01	0,315	-0,02	-0,02	0,315	NAN	
54,104	0,315	-0,005	-0,005	0,315	NAN	
54,213	0,315	-0,02	-0,02	0,315	NAN	
54,307	0,315	-0,01	-0,01	0,315	NAN	
54,401	0,315	-0,01	-0,01	0,315	NAN	
54,51	0,315	-0,025	-0,025	0,315	NAN	
54,604	0,315	-0,005	-0,005	0,315	NAN	
54,713	0,315	-0,025	-0,025	0,315	NAN	
54,807	0,315	-0,015	-0,015	0,315	NAN	
54,9	0,315	-0,01	-0,01	0,315	NAN	
55,01	0,3	-0,025	-0,025	0,3	NAN	
55,104	0,315	-0,005	-0,005	0,315	NAN	
55,213	0,315	-0,02	-0,02	0,315	NAN	
55,307	0,315	-0,02	-0,02	0,315	NAN	
55,4	0,315	-0,01	-0,01	0,315	NAN	
55,51	0,315	-0,02	-0,02	0,315	NAN	
55,604	0,315	-0,01	-0,01	0,315	NAN	
55,713	0,315	-0,025	-0,025	0,315	NAN	
55,807	0,315	-0,02	-0,02	0,315	NAN	
55,9	0,315	-0,015	-0,015	0,315	NAN	
56,01	0,315	-0,02	-0,02	0,315	NAN	
56,104	0,315	-0,005	-0,005	0,315	NAN	
56,213	0,315	-0,02	-0,02	0,315	NAN	
56,307	0,3	-0,02	-0,02	0,3	NAN	
56,4	0,315	-0,015	-0,015	0,315	NAN	
56,51	0,315	-0,02	-0,02	0,315	NAN	
56,604	0,315	-0,005	-0,005	0,315	NAN	
56,713	0,315	-0,025	-0,025	0,315	NAN	
56,807	0,315	-0,015	-0,015	0,315	NAN	
56,9	0,315	-0,005	-0,005	0,315	NAN	
57,01	0,315	-0,02	-0,02	0,315	NAN	
57,104	0,315	-0,005	-0,005	0,315	NAN	
57,213	0,315	-0,025	-0,025	0,315	NAN	
57,307	0,315	-0,015	-0,015	0,315	NAN	
57,4	0,315	-0,005	-0,005	0,315	NAN	
57,51	0,315	-0,02	-0,02	0,315	NAN	
57,604	0,315	-0,01	-0,01	0,315	NAN	
57,713	0,315	-0,025	-0,025	0,315	NAN	
57,807	0,315	-0,015	-0,015	0,315	NAN	
57,9	0,315	-0,015	-0,015	0,315	NAN	
58,01	0,315	-0,025	-0,025	0,315	NAN	
58,103	0,315	-0,01	-0,01	0,315	NAN	
58,213	0,315	-0,02	-0,02	0,315	NAN	
58,307	0,315	-0,02	-0,02	0,315	NAN	
58,4	0,315	-0,01	-0,01	0,315	NAN	
58,51	0,315	-0,025	-0,025	0,315	NAN	
58,603	0,315	-0,01	-0,01	0,315	NAN	
58,713	0,315	-0,015	-0,015	0,315	NAN	
58,807	0,315	-0,025	-0,025	0,315	NAN	
58,9	0,315	-0,01	-0,01	0,315	NAN	
59,01	0,315	-0,02	-0,02	0,315	NAN	
59,103	0,315	-0,01	-0,01	0,315	NAN	
59,213	0,315	-0,02	-0,02	0,315	NAN	
59,307	0,315	-0,02	-0,02	0,315	NAN	
59,4	0,315	-0,005	-0,005	0,315	NAN	
59,51	0,315	-0,025	-0,025	0,315	NAN	
59,603	0,315	-0,01	-0,01	0,315	NAN	
59,713	0,315	-0,015	-0,015	0,315	NAN	
59,806	0,315	-0,02	-0,02	0,315	NAN	
59,9	0,315	-0,01	-0,01	0,315	NAN	
60,01	0,315	-0,02	-0,02	0,315	NAN	
60,103	0,315	-0,005	-0,005	0,315	NAN	
60,213	0,315	-0,02	-0,02	0,315	NAN	
60,306	0,315	-0,015	-0,015	0,315	NAN	
60,4	0,315	-0,005	-0,005	0,315	NAN	
60,51	0,315	-0,025	-0,025	0,315	NAN	
60,603	0,315	-0,01	-0,01	0,315	NAN	
60,713	0,315	-0,01	-0,01	0,315	NAN	
60,806	0,315	-0,025	-0,025	0,315	NAN	
60,9	0,315	-0,01	-0,01	0,315	NAN	
61,01	0,315	-0,025	-0,025	0,315	NAN	
61,103	0,3	-0,005	-0,005	0,3	NAN	
61,213	0,315	-0,01	-0,01	0,315	NAN	
61,306	0,315	-0,02	-0,02	0,315	NAN	
61,4	0,315	-0,01	-0,01	0,315	NAN	
61,51	0,315	-0,025	-0,025	0,315	NAN	
61,603	0,315	-0,01	-0,01	0,315	NAN	
61,713	0,315	-0,01	-0,01	0,315	NAN	
61,806	0,315	-0,02	-0,02	0,315	NAN	
61,9	0,315	-0,01	-0,01	0,315	NAN	
62,009	0,33	-0,02	-0,02	0,33	NAN	
62,103	0,315	-0,005	-0,005	0,315	NAN	
62,213	0,315	-0,015	-0,015	0,315	NAN	
62,306	0,315	-0,025	-0,025	0,315	NAN	
62,4	0,3	-0,005	-0,005	0,3	NAN	
62,509	0,315	-0,02	-0,02	0,315	NAN	
62,603	0,315	-0,015	-0,015	0,315	NAN	
62,713	0,315	-0,02	-0,02	0,315	NAN	
62,806	0,3	-0,025	-0,025	0,3	NAN	
62,9	0,315	-0,01	-0,01	0,315	NAN	
63,009	0,315	-0,02	-0,02	0,315	NAN	
63,103	0,315	-0,01	-0,01	0,315	NAN	
63,213	0,315	-0,015	-0,015	0,315	NAN	
63,306	0,3	-0,025	-0,025	0,3	NAN	
63,4	0,315	-0,005	-0,005	0,315	NAN	
63,509	0,315	-0,02	-0,02	0,315	NAN	
63,603	0,315	-0,01	-0,01	0,315	NAN	
63,713	0,315	-0,015	-0,015	0,315	NAN	
63,806	0,315	-0,025	-0,025	0,315	NAN	
63,9	0,3	-0,01	-0,01	0,3	NAN	
64,009	0,315	-0,025	-0,025	0,315	NAN	
64,103	0,315	-0,015	-0,015	0,315	NAN	
64,213	0,315	-0,015	-0,015	0,315	NAN	
64,306	0,315	-0,02	-0,02	0,315	NAN	
64,4	0,315	-0,01	-0,01	0,315	NAN	
64,509	0,315	-0,02	-0,02	0,315	NAN	
64,603	0,315	-0,02	-0,02	0,315	NAN	
64,713	0,315	-0,015	-0,015	0,315	NAN	
64,806	0,315	-0,02	-0,02	0,315	NAN	
64,9	0,315	-0,005	-0,005	0,315	NAN	
65,009	0,315	-0,02	-0,02	0,315	NAN	
65,103	0,3	-0,015	-0,015	0,3	NAN	
65,212	0,315	-0,01	-0,01	0,315	NAN	
65,306	0,315	-0,025	-0,025	0,315	NAN	
65,4	0,315	-0,005	-0,005	0,315	NAN	
65,509	0,315	-0,02	-0,02	0,315	NAN	
65,603	0,315	-0,01	-0,01	0,315	NAN	
65,712	0,315	-0,01	-0,01	0,315	NAN	
65,806	0,315	-0,025	-0,025	0,315	NAN	
65,9	0,315	-0,005	-0,005	0,315	NAN	
66,009	0,315	-0,015	-0,015	0,315	NAN	
66,103	0,315	-0,01	-0,01	0,315	NAN	
66,212	0,315	-0,015	-0,015	0,315	NAN	
66,306	0,315	-0,02	-0,02	0,315	NAN	
66,4	0,315	-0,005	-0,005	0,315	NAN	
66,509	0,315	-0,025	-0,025	0,315	NAN	
66,603	0,315	-0,02	-0,02	0,315	NAN	
66,712	0,315	-0,01	-0,01	0,315	NAN	
66,806	0,315	-0,025	-0,025	0,315	NAN	
66,9	0,315	-0,005	-0,005	0,315	NAN	
67,009	0,315	-0,02	-0,02	0,315	NAN	
67,103	0,315	-0,01	-0,01	0,315	NAN	
67,212	0,315	-0,01	-0,01	0,315	NAN	
67,306	0,315	-0,025	-0,025	0,315	NAN	
67,4	0,315	-0,01	-0,01	0,315	NAN	
67,509	0,315	-0,02	-0,02	0,315	NAN	
67,603	0,315	-0,015	-0,015	0,315	NAN	
67,712	0,315	-0,01	-0,01	0,315	NAN	
67,806	0,315	-0,025	-0,025	0,315	NAN	
67,9	0,315	-0,01	-0,01	0,315	NAN	
68,009	0,315	-0,02	-0,02	0,315	NAN	
68,103	0,315	-0,01	-0,01	0,315	NAN	
68,212	0,3	-0,015	-0,015	0,3	NAN	
68,306	0,315	-0,025	-0,025	0,315	NAN	
68,4	0,315	-0,01	-0,01	0,315	NAN	
68,509	0,315	-0,02	-0,02	0,315	NAN	
68,603	0,315	-0,015	-0,015	0,315	NAN	
68,712	0,315	-0,01	-0,01	0,315	NAN	
68,806	0,315	-0,025	-0,025	0,315	NAN	
68,9	0,315	-0,01	-0,01	0,315	NAN	
69,009	0,315	-0,025	-0,025	0,315	NAN	
69,103	0,315	-0,015	-0,015	0,315	NAN	
69,212	0,315	-0,01	-0,01	0,315	NAN	
69,306	0,315	-0,02	-0,02	0,315	NAN	
69,4	0,315	-0,005	-0,005	0,315	NAN	
69,509	0,315	-0,025	-0,025	0,315	NAN	
69,603	0,315	-0,015	-0,015	0,315	NAN	
69,712	0,315	-0,01	-0,01	0,315	NAN	
69,806	0,315	-0,02	-0,02	0,315	NAN	
69,9	0,3	-0,005	-0,005	0,3	NAN	
70,009	0,315	-0,02	-0,02	0,315	NAN	
70,103	0,315	-0,01	-0,01	0,315	NAN	
70,212	0,315	-0,01	-0,01	0,315	NAN	
70,306	0,315	-0,025	-0,025	0,315	NAN	
70,4	0,315	-0,005	-0,005	0,315	NAN	
70,509	0,315	-0,025	-0,025	0,315	NAN	
70,603	0,315	-0,015	-0,015	0,315	NAN	
70,712	0,315	-0,015	-0,015	0,315	NAN	
70,806	0,315	-0,02	-0,02	0,315	NAN	
70,9	0,315	-0,005	-0,005	0,315	NAN	
71,009	0,315	-0,025	-0,025	0,315	NAN	
71,103	0,315	-0,01	-0,01	0,315	NAN	
71,212	0,315	-0,015	-0,015	0,315	NAN	
71,306	0,315	-0,02	-0,02	0,315	NAN	
71,4	0,315	-0,01	-0,01	0,315	NAN	
71,509	0,315	-0,025	-0,025	0,315	NAN	
71,603	0,315	-0,01	-0,01	0,315	NAN	
71,712	0,315	-0,015	-0,015	0,315	NAN	
71,806	0,315	-0,02	-0,02	0,315	NAN	
71,9	0,315	-0,005	-0,005	0,315	NAN	
72,009	0,315	-0,025	-0,025	0,315	NAN	
72,103	0,315	-0,01	-0,01	0,315	NAN	
72,212	0,315	-0,01	-0,01	0,315	NAN	
72,306	0,315	-0,025	-0,025	0,315	NAN	
72,4	0,315	-0,01	-0,01	0,315	NAN	
72,509	0,315	-0,02	-0,02	0,315	NAN	
72,603	0,315	-0,015	-0,015	0,315	NAN	
72,712	0,315	-0,01	-0,01	0,315	NAN	
72,806	0,315	-0,02	-0,02	0,315	NAN	
72,9	0,315	-0,005	-0,005	0,315	NAN	
73,009	0,315	-0,025	-0,025	0,315	NAN	
73,103	0,315	-0,015	-0,015	0,315	NAN	
73,212	0,315	-0,01	-0,01	0,315	NAN	
73,306	0,315	-0,025	-0,025	0,315	NAN	
73,4	0,315	-0,005	-0,005	0,315	NAN	
73,509	0,315	-0,02	-0,02	0,315	NAN	
73,603	0,315	-0,015	-0,015	0,315	NAN	
73,712	0,315	-0,015	-0,015	0,315	NAN	
73,806	0,315	-0,02	-0,02	0,315	NAN	
73,9	0,315	0	0	0,315	NAN	
74,009	0,315	-0,025	-0,025	0,315	NAN	
74,103	0,315	-0,01	-0,01	0,315	NAN	
74,212	0,315	-0,01	-0,01	0,315	NAN	
74,306	0,315	-0,02	-0,02	0,315	NAN	
74,4	0,315	-0,005	-0,005	0,315	NAN	
74,509	0,315	-0,025	-0,025	0,315	NAN	
74,603	0,315	-0,01	-0,01	0,315	NAN	
74,712	0,315	-0,02	-0,02	0,315	NAN	
74,806	0,3	-0,025	-0,025	0,3	NAN	
74,915	0,315	0	0	0,315	NAN	
75,009	0,315	-0,025	-0,025	0,315	NAN	
75,103	0,315	-0,015	-0,015	0,315	NAN	
75,212	0,315	-0,015	-0,015	0,315	NAN	
75,306	0,315	-0,025	-0,025	0,315	NAN	
75,415	0,315	-0,005	-0,005	0,315	NAN	
75,509	0,315	-0,02	-0,02	0,315	NAN	
75,603	0,315	-0,015	-0,015	0,315	NAN	
75,712	0,315	-0,015	-0,015	0,315	NAN	
75,806	0,315	-0,02	-0,02	0,315	NAN	
75,915	0,315	-0,005	-0,005	0,315	NAN	
76,009	0,315	-0,02	-0,02	0,315	NAN	
76,102	0,315	-0,01	-0,01	0,315	NAN	
76,212	0,315	-0,01	-0,01	0,315	NAN	
76,306	0,3	-0,025	-0,025	0,3	NAN	
76,415	0,315	-0,005	-0,005	0,315	NAN	
76,509	0,315	-0,025	-0,025	0,315	NAN	
76,602	0,315	-0,01	-0,01	0,315	NAN	
76,712	0,315	-0,015	-0,015	0,315	NAN	
76,806	0,315	-0,025	-0,025	0,315	NAN	
76,915	0,315	-0,005	-0,005	0,315	NAN	
77,009	0,315	-0,02	-0,02	0,315	NAN	
77,102	0,3	-0,015	-0,015	0,3	NAN	
77,212	0,315	-0,01	-0,01	0,315	NAN	
77,306	0,315	-0,025	-0,025	0,315	NAN	
77,415	0,3	-0,005	-0,005	0,3	NAN	
77,509	0,315	-0,02	-0,02	0,315	NAN	
77,602	0,315	-0,025	-0,025	0,315	NAN	
77,712	0,315	-0,015	-0,015	0,315	NAN	
77,806	0,315	-0,025	-0,025	0,315	NAN	
77,915	0,315	-0,005	-0,005	0,315	NAN	
78,009	0,315	-0,025	-0,025	0,315	NAN	
78,102	0,315	-0,015	-0,015	0,315	NAN	
78,212	0,315	-0,015	-0,015	0,315	NAN	
78,305	0,315	-0,015	-0,015	0,315	NAN	
78,415	0,315	-0,005	-0,005	0,315	NAN	
78,509	0,315	-0,02	-0,02	0,315	NAN	
78,602	0,315	-0,015	-0,015	0,315	NAN	
78,712	0,315	-0,015	-0,015	0,315	NAN	
78,805	0,315	-0,025	-0,025	0,315	NAN	
78,915	0,315	-0,01	-0,01	0,315	NAN	
79,009	0,315	-0,02	-0,02	0,315	NAN	
79,102	0,315	-0,015	-0,015	0,315	NAN	
79,212	0,315	-0,015	-0,015	0,315	NAN	
79,305	0,3	-0,025	-0,025	0,3	NAN	
79,415	0,315	-0,01	-0,01	0,315	NAN	
79,509	0,315	-0,025	-0,025	0,315	NAN	
79,602	0,315	-0,02	-0,02	0,315	NAN	
79,712	0,315	-0,015	-0,015	0,315	NAN	
79,805	0,315	-0,02	-0,02	0,315	NAN	
79,915	0,315	-0,005	-0,005	0,315	NAN	
80,009	0,315	-0,025	-0,025	0,315	NAN	
80,102	0,315	-0,02	-0,02	0,315	NAN	
80,212	0,315	-0,015	-0,015	0,315	NAN	
80,305	0,315	-0,025	-0,025	0,315	NAN	
80,415	0,3	-0,005	-0,005	0,3	NAN	
80,509	0,315	-0,025	-0,025	0,315	NAN	
80,602	0,315	-0,02	-0,02	0,315	NAN	
80,712	0,3	-0,01	-0,01	0,3	NAN	
80,805	0,315	-0,02	-0,02	0,315	NAN	
80,915	0,315	-0,01	-0,01	0,315	NAN	
81,009	0,315	-0,02	-0,02	0,315	NAN	
81,102	0,315	-0,015	-0,015	0,315	NAN	
81,212	0,315	-0,01	-0,01	0,315	NAN	
81,305	0,315	-0,02	-0,02	0,315	NAN	
81,415	0,315	-0,01	-0,01	0,315	NAN	
81,508	0,315	-0,02	-0,02	0,315	NAN	
81,602	0,315	-0,02	-0,02	0,315	NAN	
81,712	0,315	-0,005	-0,005	0,315	NAN	
81,805	0,315	-0,025	-0,025	0,315	NAN	
81,915	0,315	-0,005	-0,005	0,315	NAN	
82,008	0,315	-0,015	-0,015	0,315	NAN	
82,102	0,315	-0,02	-0,02	0,315	NAN	
82,212	0,3	-0,005	-0,005	0,3	NAN	
82,305	0,315	-0,025	-0,025	0,315	NAN	
82,415	0,315	-0,005	-0,005	0,315	NAN	
82,508	0,315	-0,015	-0,015	0,315	NAN	
82,602	0,315	-0,025	-0,025	0,315	NAN	
82,712	0,315	-0,01	-0,01	0,315	NAN	
82,805	0,315	-0,025	-0,025	0,315	NAN	
82,915	0,315	-0,005	-0,005	0,315	NAN	
83,008	0,315	-0,015	-0,015	0,315	NAN	
83,102	0,315	-0,025	-0,025	0,315	NAN	
83,211	0,315	-0,005	-0,005	0,315	NAN	
83,305	0,315	-0,02	-0,02	0,315	NAN	
83,415	0,315	-0,005	-0,005	0,315	NAN	
83,508	0,315	-0,015	-0,015	0,315	NAN	
83,602	0,315	-0,025	-0,025	0,315	NAN	
83,711	0,315	-0,005	-0,005	0,315	NAN	
83,805	0,315	-0,025	-0,025	0,315	NAN	
83,915	0,315	-0,015	-0,015	0,315	NAN	
84,008	0,315	-0,015	-0,015	0,315	NAN	
84,102	0,315	-0,02	-0,02	0,315	NAN	
84,211	0,315	-0,005	-0,005	0,315	NAN	
84,305	0,315	-0,025	-0,025	0,315	NAN	
84,415	0,315	-0,015	-0,015	0,315	NAN	
84,508	0,315	-0,015	-0,015	0,315	NAN	
84,602	0,315	-0,025	-0,025	0,315	NAN	
84,711	0,315	-0,005	-0,005	0,315	NAN	
84,805	0,315	-0,03	-0,03	0,315	NAN	
84,915	0,315	-0,01	-0,01	0,315	NAN	
85,008	0,315	-0,015	-0,015	0,315	NAN	
85,102	0,315	-0,025	-0,025	0,315	NAN	
85,211	0,315	-0,005	-0,005	0,315	NAN	
85,305	0,315	-0,025	-0,025	0,315	NAN	
85,415	0,315	-0,01	-0,01	0,315	NAN	
85,508	0,315	-0,015	-0,015	0,315	NAN	
85,602	0,315	-0,02	-0,02	0,315	NAN	
85,711	0,315	-0,01	-0,01	0,315	NAN	
85,805	0,315	-0,02	-0,02	0,315	NAN	
85,914	0,315	-0,01	-0,01	0,315	NAN	
86,008	0,315	-0,01	-0,01	0,315	NAN	
86,102	0,315	-0,02	-0,02	0,315	NAN	
86,211	0,3	-0,005	-0,005	0,3	NAN	
86,305	0,315	-0,02	-0,02	0,315	NAN	
86,414	0,315	-0,01	-0,01	0,315	NAN	
86,508	0,315	-0,015	-0,015	0,315	NAN	
86,602	0,315	-0,02	-0,02	0,315	NAN	
86,711	0,315	-0,005	-0,005	0,315	NAN	
86,805	0,315	-0,025	-0,025	0,315	NAN	
86,914	0,315	-0,015	-0,015	0,315	NAN	
87,008	0,315	-0,015	-0,015	0,315	NAN	
87,102	0,315	-0,025	-0,025	0,315	NAN	
87,211	0,315	-0,01	-0,01	0,315	NAN	
87,305	0,315	-0,025	-0,025	0,315	NAN	
87,414	0,315	-0,005	-0,005	0,315	NAN	
87,508	0,315	-0,015	-0,015	0,315	NAN	
87,602	0,315	-0,025	-0,025	0,315	NAN	
87,711	0,315	-0,01	-0,01	0,315	NAN	
87,805	0,315	-0,025	-0,025	0,315	NAN	
87,914	0,315	-0,01	-0,01	0,315	NAN	
88,008	0,315	-0,015	-0,015	0,315	NAN	
88,102	0,315	-0,025	-0,025	0,315	NAN	
88,211	0,315	-0,005	-0,005	0,315	NAN	
88,305	0,315	-0,025	-0,025	0,315	NAN	
88,414	0,315	-0,01	-0,01	0,315	NAN	
88,508	0,315	-0,01	-0,01	0,315	NAN	
88,602	0,315	-0,015	-0,015	0,315	NAN	
88,711	0,315	-0,005	-0,005	0,315	NAN	
88,805	0,33	-0,025	-0,025	0,33	NAN	
88,914	0,315	-0,01	-0,01	0,315	NAN	
89,008	0,315	-0,005	-0,005	0,315	NAN	
89,102	0,315	-0,02	-0,02	0,315	NAN	
89,211	0,315	-0,005	-0,005	0,315	NAN	
89,305	0,315	-0,02	-0,02	0,315	NAN	
89,414	0,315	-0,01	-0,01	0,315	NAN	
89,508	0,315	-0,025	-0,025	0,315	NAN	
89,602	0,315	-0,02	-0,02	0,315	NAN	
89,711	0,315	-0,005	-0,005	0,315	NAN	
89,805	0,315	-0,02	-0,02	0,315	NAN	
89,914	0,315	-0,005	-0,005	0,315	NAN	
90,008	0,315	-0,015	-0,015	0,315	NAN	
90,102	0,315	-0,02	-0,02	0,315	NAN	
90,211	0,315	-0,01	-0,01	0,315	NAN	
90,305	0,315	-0,02	-0,02	0,315	NAN	
90,414	0,3	-0,01	-0,01	0,3	NAN	
90,508	0,315	-0,02	-0,02	0,315	NAN	
90,602	0,315	-0,025	-0,025	0,315	NAN	
90,711	0,315	-0,005	-0,005	0,315	NAN	
90,805	0,315	-0,02	-0,02	0,315	NAN	
90,914	0,315	-0,015	-0,015	0,315	NAN	
91,008	0,315	-0,02	-0,02	0,315	NAN	
91,102	0,315	-0,02	-0,02	0,315	NAN	
91,211	0,315	-0,005	-0,005	0,315	NAN	
91,305	0,315	-0,025	-0,025	0,315	NAN	
91,414	0,3	-0,01	-0,01	0,3	NAN	
91,508	0,315	-0,02	-0,02	0,315	NAN	
91,602	0,315	-0,02	-0,02	0,315	NAN	
91,711	0,315	-0,005	-0,005	0,315	NAN	
91,805	0,315	-0,03	-0,03	0,315	NAN	
91,914	0,3	-0,01	-0,01	0,3	NAN	
92,008	0,315	-0,02	-0,02	0,315	NAN	
92,102	0,315	-0,02	-0,02	0,315	NAN	
92,211	0,315	-0,01	-0,01	0,315	NAN	
92,305	0,315	-0,025	-0,025	0,315	NAN	
92,414	0,315	-0,01	-0,01	0,315	NAN	
92,508	0,315	-0,015	-0,015	0,315	NAN	
92,602	0,315	-0,015	-0,015	0,315	NAN	
92,711	0,315	-0,01	-0,01	0,315	NAN	
92,805	0,315	-0,025	-0,025	0,315	NAN	
92,914	0,315	-0,005	-0,005	0,315	NAN	
93,008	0,315	-0,015	-0,015	0,315	NAN	
93,102	0,315	-0,02	-0,02	0,315	NAN	
93,211	0,315	-0,01	-0,01	0,315	NAN	
93,305	0,315	-0,025	-0,025	0,315	NAN	
93,414	0,315	-0,01	-0,01	0,315	NAN	
93,508	0,315	-0,015	-0,015	0,315	NAN	
93,602	0,315	-0,02	-0,02	0,315	NAN	
93,711	0,315	-0,005	-0,005	0,315	NAN	
93,805	0,315	-0,025	-0,025	0,315	NAN	
93,914	0,315	-0,005	-0,005	0,315	NAN	
94,008	0,315	-0,015	-0,015	0,315	NAN	
94,102	0,315	-0,015	-0,015	0,315	NAN	
94,211	0,315	-0,03	-0,03	0,315	NAN	
94,305	0,315	-0,04	-0,04	0,315	NAN	
94,414	0,315	-0,015	-0,015	0,315	NAN	
94,508	0,315	-0,025	-0,025	0,315	NAN	
94,602	0,315	-0,02	-0,02	0,315	NAN	
94,711	0,315	-0,015	-0,015	0,315	NAN	
94,805	0,315	-0,02	-0,02	0,315	NAN	
94,914	0,315	-0,005	-0,005	0,315	NAN	
95,008	0,315	-0,025	-0,025	0,315	NAN	
95,101	0,315	-0,015	-0,015	0,315	NAN	
95,211	0,315	-0,01	-0,01	0,315	NAN	
95,305	0,315	-0,025	-0,025	0,315	NAN	
95,414	0,315	-0,005	-0,005	0,315	NAN	
95,508	0,315	-0,015	-0,015	0,315	NAN	
95,601	0,315	-0,015	-0,015	0,315	NAN	
95,711	0,315	-0,015	-0,015	0,315	NAN	
95,805	0,315	-0,02	-0,02	0,315	NAN	
95,914	0,3	-0,005	-0,005	0,3	NAN	
96,008	0,315	-0,015	-0,015	0,315	NAN	
96,101	0,315	-0,02	-0,02	0,315	NAN	
96,211	0,315	-0,02	-0,02	0,315	NAN	
96,305	0,315	-0,025	-0,025	0,315	NAN	
96,414	0,315	-0,01	-0,01	0,315	NAN	
96,508	0,315	-0,025	-0,025	0,315	NAN	
96,601	0,315	-0,015	-0,015	0,315	NAN	
96,711	0,3	-0,015	-0,015	0,3	NAN	
96,805	0,315	-0,025	-0,025	0,315	NAN	
96,914	0,3	-0,005	-0,005	0,3	NAN	
97,008	0,315	-0,02	-0,02	0,315	NAN	
97,101	0,315	-0,005	-0,005	0,315	NAN	
97,211	0,315	-0,005	-0,005	0,315	NAN	
97,305	0,315	-0,02	-0,02	0,315	NAN	
97,414	0,315	-0,005	-0,005	0,315	NAN	
97,508	0,315	-0,02	-0,02	0,315	NAN	
97,601	0,315	-0,015	-0,015	0,315	NAN	
97,711	0,315	-0,02	-0,02	0,315	NAN	
97,804	0,315	-0,025	-0,025	0,315	NAN	
97,914	0,315	-0,005	-0,005	0,315	NAN	
98,008	0,315	-0,02	-0,02	0,315	NAN	
98,101	0,3	-0,005	-0,005	0,3	NAN	
98,211	0,315	-0,015	-0,015	0,315	NAN	
98,304	0,315	-0,015	-0,015	0,315	NAN	
98,414	0,315	-0,01	-0,01	0,315	NAN	
98,508	0,315	-0,02	-0,02	0,315	NAN	
98,601	0,315	-0,005	-0,005	0,315	NAN	
98,711	0,315	-0,015	-0,015	0,315	NAN	
98,804	0,315	-0,01	-0,01	0,315	NAN	
98,914	0,315	-0,005	-0,005	0,315	NAN	
99,008	0,315	-0,02	-0,02	0,315	NAN	
99,101	0,315	-0,01	-0,01	0,315	NAN	
99,211	0,315	-0,02	-0,02	0,315	NAN	
99,304	0,315	-0,015	-0,015	0,315	NAN	
99,414	0,315	-0,01	-0,01	0,315	NAN	
99,507	0,315	-0,025	-0,025	0,315	NAN	
99,601	0,315	-0,01	-0,01	0,315	NAN	
99,711	0,315	-0,025	-0,025	0,315	NAN	
99,804	0,315	-0,02	-0,02	0,315	NAN	
99,914	0,315	-0,01	-0,01	0,315	NAN	
100,007	0,315	-0,025	-0,025	0,315	NAN	
100,101	0,315	-0,01	-0,01	0,315	NAN	
100,211	0,315	-0,02	-0,02	0,315	NAN	
100,304	0,315	-0,015	-0,015	0,315	NAN	
100,414	0,315	-0,01	-0,01	0,315	NAN	
100,507	0,315	-0,025	-0,025	0,315	NAN	
100,601	0,315	-0,005	-0,005	0,315	NAN	
100,711	0,315	-0,02	-0,02	0,315	NAN	
100,804	0,315	-0,015	-0,015	0,315	NAN	
100,914	0,3	-0,015	-0,015	0,3	NAN	
101,007	0,315	-0,025	-0,025	0,315	NAN	
101,101	0,3	-0,005	-0,005	0,3	NAN	
101,211	0,315	-0,02	-0,02	0,315	NAN	
101,304	0,315	-0,015	-0,015	0,315	NAN	
101,414	0,315	-0,015	-0,015	0,315	NAN	
101,507	0,315	-0,015	-0,015	0,315	NAN	
101,601	0,315	-0,01	-0,01	0,315	NAN	
101,711	0,315	-0,02	-0,02	0,315	NAN	
101,804	0,315	-0,015	-0,015	0,315	NAN	
101,914	0,315	-0,015	-0,015	0,315	NAN	
102,007	0,3	-0,02	-0,02	0,3	NAN	
102,101	0,315	-0,01	-0,01	0,315	NAN	
102,21	0,315	-0,025	-0,025	0,315	NAN	
102,304	0,315	-0,01	-0,01	0,315	NAN	
102,414	0,315	-0,015	-0,015	0,315	NAN	
102,507	0,315	-0,025	-0,025	0,315	NAN	
102,601	0,315	-0,01	-0,01	0,315	NAN	
102,71	0,315	-0,02	-0,02	0,315	NAN	
102,804	0,315	-0,005	-0,005	0,315	NAN	
102,914	0,315	-0,02	-0,02	0,315	NAN	
103,007	0,315	-0,015	-0,015	0,315	NAN	
103,101	0,315	-0,01	-0,01	0,315	NAN	
103,21	0,315	-0,02	-0,02	0,315	NAN	
103,304	0,315	-0,01	-0,01	0,315	NAN	
103,414	0,315	-0,015	-0,015	0,315	NAN	
103,507	0,315	-0,02	-0,02	0,315	NAN	
103,601	0,315	-0,015	-0,015	0,315	NAN	
103,71	0,315	-0,02	-0,02	0,315	NAN	
103,804	0,315	-0,01	-0,01	0,315	NAN	
103,914	0,315	-0,015	-0,015	0,315	NAN	
104,007	0,315	-0,015	-0,015	0,315	NAN	
104,101	0,315	-0,005	-0,005	0,315	NAN	
104,21	0,315	-0,025	-0,025	0,315	NAN	
104,304	0,315	-0,005	-0,005	0,315	NAN	
104,414	0,315	-0,025	-0,025	0,315	NAN	
104,507	0,315	-0,02	-0,02	0,315	NAN	
104,601	0,315	-0,005	-0,005	0,315	NAN	
104,71	0,33	-0,025	-0,025	0,33	NAN	
104,804	0,315	-0,005	-0,005	0,315	NAN	
104,913	0,315	-0,015	-0,015	0,315	NAN	
105,007	0,315	-0,01	-0,01	0,315	NAN	
105,101	0,315	-0,005	-0,005	0,315	NAN	
105,21	0,315	-0,025	-0,025	0,315	NAN	
105,304	0,315	-0,005	-0,005	0,315	NAN	
105,413	0,315	-0,025	-0,025	0,315	NAN	
105,507	0,315	-0,015	-0,015	0,315	NAN	
105,601	0,315	-0,01	-0,01	0,315	NAN	
105,71	0,315	-0,025	-0,025	0,315	NAN	
105,804	0,315	-0,005	-0,005	0,315	NAN	
105,913	0,315	-0,02	-0,02	0,315	NAN	
106,007	0,315	-0,02	-0,02	0,315	NAN	
106,101	0,315	-0,01	-0,01	0,315	NAN	
106,21	0,3	-0,02	-0,02	0,3	NAN	
106,304	0,315	-0,005	-0,005	0,315	NAN	
106,413	0,315	-0,025	-0,025	0,315	NAN	
106,507	0,315	-0,015	-0,015	0,315	NAN	
106,601	0,315	-0,01	-0,01	0,315	NAN	
106,71	0,315	-0,02	-0,02	0,315	NAN	
106,804	0,315	-0,01	-0,01	0,315	NAN	
106,913	0,315	-0,02	-0,02	0,315	NAN	
107,007	0,315	-0,015	-0,015	0,315	NAN	
107,101	0,315	-0,015	-0,015	0,315	NAN	
107,21	0,3	-0,025	-0,025	0,3	NAN	
107,304	0,315	-0,005	-0,005	0,315	NAN	
107,413	0,315	-0,02	-0,02	0,315	NAN	
107,507	0,315	-0,01	-0,01	0,315	NAN	
107,601	0,315	-0,02	-0,02	0,315	NAN	
107,71	0,315	-0,015	-0,015	0,315	NAN	
107,804	0,3	0	0	0,3	NAN	
107,913	0,315	-0,02	-0,02	0,315	NAN	
108,007	0,315	-0,01	-0,01	0,315	NAN	
108,101	0,315	-0,015	-0,015	0,315	NAN	
108,21	0,3	-0,02	-0,02	0,3	NAN	
108,304	0,3	-0,005	-0,005	0,3	NAN	
108,413	0,315	-0,025	-0,025	0,315	NAN	
108,507	0,315	-0,005	-0,005	0,315	NAN	
108,601	0,315	-0,02	-0,02	0,315	NAN	
108,71	0,315	-0,025	-0,025	0,315	NAN	
108,804	0,315	-0,01	-0,01	0,315	NAN	
108,913	0,315	-0,02	-0,02	0,315	NAN	
109,007	0,315	-0,005	-0,005	0,315	NAN	
109,101	0,315	-0,02	-0,02	0,315	NAN	
109,21	0,315	-0,015	-0,015	0,315	NAN	
109,304	0,315	-0,01	-0,01	0,315	NAN	
109,413	0,315	-0,02	-0,02	0,315	NAN	
109,507	0,315	-0,005	-0,005	0,315	NAN	
109,601	0,315	-0,015	-0,015	0,315	NAN	
109,71	0,315	-0,015	-0,015	0,315	NAN	
109,804	0,315	-0,005	-0,005	0,315	NAN	
109,913	0,315	-0,025	-0,025	0,315	NAN	
110,007	0,315	-0,005	-0,005	0,315	NAN	
110,101	0,315	-0,01	-0,01	0,315	NAN	
110,21	0,315	-0,015	-0,015	0,315	NAN	
110,304	0,315	-0,01	-0,01	0,315	NAN	
110,413	0,315	-0,025	-0,025	0,315	NAN	
110,507	0,315	-0,005	-0,005	0,315	NAN	
110,601	0,315	-0,02	-0,02	0,315	NAN	
110,71	0,315	-0,02	-0,02	0,315	NAN	
110,804	0,315	-0,01	-0,01	0,315	NAN	
110,913	0,315	-0,02	-0,02	0,315	NAN	
111,007	0,315	-0,005	-0,005	0,315	NAN	
111,101	0,315	-0,015	-0,015	0,315	NAN	
111,21	0,315	-0,015	-0,015	0,315	NAN	
111,304	0,315	-0,01	-0,01	0,315	NAN	
111,413	0,315	-0,02	-0,02	0,315	NAN	
111,507	0,315	-0,005	-0,005	0,315	NAN	
111,601	0,315	-0,02	-0,02	0,315	NAN	
111,71	0,3	-0,015	-0,015	0,3	NAN	
111,804	0,315	-0,015	-0,015	0,315	NAN	
111,913	0,315	-0,02	-0,02	0,315	NAN	
112,007	0,315	-0,01	-0,01	0,315	NAN	
112,101	0,315	-0,015	-0,015	0,315	NAN	
112,21	0,315	-0,005	-0,005	0,315	NAN	
112,304	0,315	-0,015	-0,015	0,315	NAN	
112,413	0,3	-0,025	-0,025	0,3	NAN	
112,507	0,3	-0,01	-0,01	0,3	NAN	
112,601	0,315	-0,025	-0,025	0,315	NAN	
112,71	0,315	-0,01	-0,01	0,315	NAN	
112,804	0,315	-0,015	-0,015	0,315	NAN	
112,913	0,315	-0,02	-0,02	0,315	NAN	
113,007	0,3	-0,01	-0,01	0,3	NAN	
113,101	0,3	-0,02	-0,02	0,3	NAN	
113,21	0,315	-0,005	-0,005	0,315	NAN	
113,304	0,315	-0,015	-0,015	0,315	NAN	
113,413	0,315	-0,02	-0,02	0,315	NAN	
113,507	0,315	-0,005	-0,005	0,315	NAN	
113,6	0,315	-0,02	-0,02	0,315	NAN	
113,71	0,3	-0,01	-0,01	0,3	NAN	
113,804	0,315	-0,015	-0,015	0,315	NAN	
113,913	0,315	-0,02	-0,02	0,315	NAN	
114,007	0,315	-0,005	-0,005	0,315	NAN	
114,1	0,315	-0,02	-0,02	0,315	NAN	
114,21	0,315	-0,01	-0,01	0,315	NAN	
114,304	0,315	-0,015	-0,015	0,315	NAN	
114,413	0,315	-0,02	-0,02	0,315	NAN	
114,507	0,315	-0,005	-0,005	0,315	NAN	
114,6	0,3	-0,025	-0,025	0,3	NAN	
114,71	0,315	-0,005	-0,005	0,315	NAN	
114,804	0,315	-0,01	-0,01	0,315	NAN	
114,913	0,315	-0,025	-0,025	0,315	NAN	
115,007	0,315	-0,01	-0,01	0,315	NAN	
115,1	0,315	-0,015	-0,015	0,315	NAN	
115,21	0,315	-0,005	-0,005	0,315	NAN	
115,304	0,315	-0,015	-0,015	0,315	NAN	
115,413	0,315	-0,02	-0,02	0,315	NAN	
115,507	0,315	-0,01	-0,01	0,315	NAN	
115,6	0,315	-0,025	-0,025	0,315	NAN	
115,71	0,315	-0,005	-0,005	0,315	NAN	
115,804	0,315	-0,01	-0,01	0,315	NAN	
115,913	0,315	-0,025	-0,025	0,315	NAN	
116,007	0,315	-0,01	-0,01	0,315	NAN	
116,1	0,315	-0,02	-0,02	0,315	NAN	
116,21	0,315	-0,01	-0,01	0,315	NAN	
116,304	0,315	-0,01	-0,01	0,315	NAN	
116,413	0,315	-0,025	-0,025	0,315	NAN	
116,507	0,3	-0,005	-0,005	0,3	NAN	
116,6	0,3	-0,02	-0,02	0,3	NAN	
116,71	0,315	-0,01	-0,01	0,315	NAN	
116,803	0,315	-0,01	-0,01	0,315	NAN	
116,913	0,315	-0,015	-0,015	0,315	NAN	
117,007	0,3	-0,01	-0,01	0,3	NAN	
117,1	0,315	-0,02	-0,02	0,315	NAN	
117,21	0,315	-0,005	-0,005	0,315	NAN	
117,303	0,315	-0,015	-0,015	0,315	NAN	
117,413	0,315	-0,02	-0,02	0,315	NAN	
117,507	0,3	-0,005	-0,005	0,3	NAN	
117,6	0,315	-0,025	-0,025	0,315	NAN	
117,71	0,315	-0,005	-0,005	0,315	NAN	
117,803	0,315	-0,02	-0,02	0,315	NAN	
117,913	0,315	-0,01	-0,01	0,315	NAN	
118,007	0,315	0	0	0,315	NAN	
118,1	0,315	-0,025	-0,025	0,315	NAN	
118,21	0,315	-0,005	-0,005	0,315	NAN	
118,303	0,315	-0,01	-0,01	0,315	NAN	
118,413	0,315	-0,015	-0,015	0,315	NAN	
118,507	0,315	-0,005	-0,005	0,315	NAN	
118,6	0,315	-0,025	-0,025	0,315	NAN	
118,71	0,315	-0,01	-0,01	0,315	NAN	
118,803	0,315	-0,015	-0,015	0,315	NAN	
118,913	0,315	-0,01	-0,01	0,315	NAN	
119,006	0,315	-0,01	-0,01	0,315	NAN	
119,1	0,315	-0,02	-0,02	0,315	NAN	
119,21	0,3	-0,01	-0,01	0,3	NAN	
119,303	0,315	-0,02	-0,02	0,315	NAN	
119,413	0,315	-0,015	-0,015	0,315	NAN	
119,506	0,315	-0,01	-0,01	0,315	NAN	
119,6	0,315	-0,02	-0,02	0,315	NAN	
119,71	0,315	-0,01	-0,01	0,315	NAN	
119,803	0,315	-0,02	-0,02	0,315	NAN	
119,913	0,315	-0,015	-0,015	0,315	NAN	
120,006	0,315	-0,01	-0,01	0,315	NAN	
120,1	0,315	-0,02	-0,02	0,315	NAN	
120,21	0,3	-0,01	-0,01	0,3	NAN	
120,303	0,315	-0,015	-0,015	0,315	NAN	
120,413	0,315	-0,015	-0,015	0,315	NAN	
120,506	0,315	-0,01	-0,01	0,315	NAN	
120,6	0,315	-0,015	-0,015	0,315	NAN	
120,709	0,315	-0,005	-0,005	0,315	NAN	
120,803	0,315	-0,02	-0,02	0,315	NAN	
120,913	0,315	-0,02	-0,02	0,315	NAN	
121,006	0,315	-0,01	-0,01	0,315	NAN	
121,1	0,315	-0,025	-0,025	0,315	NAN	
121,209	0,315	-0,01	-0,01	0,315	NAN	
121,303	0,315	-0,015	-0,015	0,315	NAN	
121,413	0,315	-0,01	-0,01	0,315	NAN	
121,506	0,315	-0,01	-0,01	0,315	NAN	
121,6	0,315	-0,025	-0,025	0,315	NAN	
121,709	0,315	-0,01	-0,01	0,315	NAN	
121,803	0,315	-0,02	-0,02	0,315	NAN	
121,913	0,315	-0,015	-0,015	0,315	NAN	
122,006	0,315	-0,01	-0,01	0,315	NAN	
122,1	0,315	-0,025	-0,025	0,315	NAN	
122,209	0,3	-0,005	-0,005	0,3	NAN	
122,303	0,315	-0,015	-0,015	0,315	NAN	
122,413	0,315	-0,01	-0,01	0,315	NAN	
122,506	0,315	-0,005	-0,005	0,315	NAN	
122,6	0,315	-0,02	-0,02	0,315	NAN	
122,709	0,315	-0,005	-0,005	0,315	NAN	
122,803	0,315	-0,02	-0,02	0,315	NAN	
122,913	0,315	-0,01	-0,01	0,315	NAN	
123,006	0,315	-0,015	-0,015	0,315	NAN	
123,1	0,315	-0,02	-0,02	0,315	NAN	
123,209	0,315	-0,005	-0,005	0,315	NAN	
123,303	0,315	-0,015	-0,015	0,315	NAN	
123,413	0,315	-0,015	-0,015	0,315	NAN	
123,506	0,315	-0,015	-0,015	0,315	NAN	
123,6	0,315	-0,025	-0,025	0,315	NAN	
123,709	0,315	-0,005	-0,005	0,315	NAN	
123,803	0,315	-0,025	-0,025	0,315	NAN	
123,912	0,315	-0,015	-0,015	0,315	NAN	
124,006	0,315	-0,015	-0,015	0,315	NAN	
124,1	0,315	-0,015	-0,015	0,315	NAN	
124,209	0,315	-0,01	-0,01	0,315	NAN	
124,303	0,315	-0,02	-0,02	0,315	NAN	
124,412	0,3	-0,015	-0,015	0,3	NAN	
124,506	0,315	-0,01	-0,01	0,315	NAN	
124,6	0,315	-0,025	-0,025	0,315	NAN	
124,709	0,315	-0,005	-0,005	0,315	NAN	
124,803	0,315	-0,02	-0,02	0,315	NAN	
124,912	0,3	-0,005	-0,005	0,3	NAN	
125,006	0,315	-0,01	-0,01	0,315	NAN	
125,1	0,315	-0,02	-0,02	0,315	NAN	
125,209	0,315	-0,01	-0,01	0,315	NAN	
125,303	0,315	-0,02	-0,02	0,315	NAN	
125,412	0,315	-0,015	-0,015	0,315	NAN	
125,506	0,315	-0,01	-0,01	0,315	NAN	
125,6	0,315	-0,025	-0,025	0,315	NAN	
125,709	0,315	-0,01	-0,01	0,315	NAN	
125,803	0,315	-0,025	-0,025	0,315	NAN	
125,912	0,315	-0,01	-0,01	0,315	NAN	
126,006	0,315	-0,01	-0,01	0,315	NAN	
126,1	0,315	-0,025	-0,025	0,315	NAN	
126,209	0,315	-0,005	-0,005	0,315	NAN	
126,303	0,315	-0,025	-0,025	0,315	NAN	
126,412	0,315	-0,01	-0,01	0,315	NAN	
126,506	0,315	-0,01	-0,01	0,315	NAN	
126,6	0,315	-0,025	-0,025	0,315	NAN	
126,709	0,315	-0,01	-0,01	0,315	NAN	
126,803	0,315	-0,02	-0,02	0,315	NAN	
126,912	0,315	-0,005	-0,005	0,315	NAN	
127,006	0,315	-0,005	-0,005	0,315	NAN	
127,1	0,315	-0,025	-0,025	0,315	NAN	
127,209	0,315	-0,01	-0,01	0,315	NAN	
127,303	0,315	-0,02	-0,02	0,315	NAN	
127,412	0,315	-0,01	-0,01	0,315	NAN	
127,506	0,315	-0,01	-0,01	0,315	NAN	
127,6	0,315	-0,025	-0,025	0,315	NAN	
127,709	0,315	-0,005	-0,005	0,315	NAN	
127,803	0,315	-0,02	-0,02	0,315	NAN	
127,912	0,315	-0,005	-0,005	0,315	NAN	
128,006	0,315	-0,01	-0,01	0,315	NAN	
128,1	0,315	-0,02	-0,02	0,315	NAN	
128,209	0,315	-0,005	-0,005	0,315	NAN	
128,303	0,315	-0,015	-0,015	0,315	NAN	
128,412	0,315	-0,005	-0,005	0,315	NAN	
128,506	0,315	-0,01	-0,01	0,315	NAN	
128,6	0,315	-0,01	-0,01	0,315	NAN	
129,038	NAN	-0,01	-0,01	NAN	NAN	
129,757	NAN	-0,01	-0,01	NAN	NAN	
129,772	NAN	-0,01	-0,01	NAN	NAN	
129,787	NAN	-0,01	-0,01	NAN	NAN	
129,789	NAN	-0,01	-0,01	NAN	NAN	
129,803	NAN	-0,01	-0,01	NAN	NAN	
129,818	NAN	-0,01	-0,01	NAN	NAN	
129,82	NAN	-0,01	-0,01	NAN	NAN	
129,834	NAN	-0,01	-0,01	NAN	NAN	
129,85	NAN	-0,01	-0,01	NAN	NAN	
129,851	NAN	-0,01	-0,01	NAN	NAN	
129,865	NAN	-0,01	-0,01	NAN	NAN	
129,912	NAN	-0,01	-0,01	NAN	NAN	
130,006	NAN	NAN	NAN	NAN	NAN	
130,1	NAN	NAN	NAN	NAN	NAN	
130,209	NAN	NAN	NAN	NAN	NAN	
130,303	NAN	NAN	NAN	NAN	NAN	
130,412	NAN	NAN	NAN	NAN	NAN	
130,506	NAN	NAN	NAN	NAN	NAN	
130,6	NAN	NAN	NAN	NAN	NAN	
130,709	NAN	NAN	NAN	NAN	NAN	
130,803	NAN	NAN	NAN	NAN	NAN	
130,912	NAN	NAN	NAN	NAN	NAN	
131,006	NAN	NAN	NAN	NAN	NAN	
131,1	NAN	NAN	NAN	NAN	NAN	
131,209	NAN	NAN	NAN	NAN	NAN	
131,303	NAN	NAN	NAN	NAN	NAN	
131,412	NAN	NAN	NAN	NAN	NAN	
131,506	NAN	NAN	NAN	NAN	NAN	
131,6	NAN	NAN	NAN	NAN	NAN	
131,709	NAN	NAN	NAN	NAN	NAN	
131,803	NAN	NAN	NAN	NAN	NAN	
131,912	NAN	NAN	NAN	NAN	NAN	
132,006	NAN	NAN	NAN	NAN	NAN	
132,1	NAN	NAN	NAN	NAN	NAN	
132,209	NAN	NAN	NAN	NAN	NAN	
132,303	NAN	NAN	NAN	NAN	NAN	
132,412	NAN	NAN	NAN	NAN	NAN	
132,506	NAN	NAN	NAN	NAN	NAN	
132,6	NAN	NAN	NAN	NAN	NAN	
132,709	NAN	NAN	NAN	NAN	NAN	
132,803	NAN	NAN	NAN	NAN	NAN	
132,912	NAN	NAN	NAN	NAN	NAN	
133,006	NAN	NAN	NAN	NAN	NAN	
133,115	NAN	NAN	NAN	NAN	NAN	
133,209	NAN	NAN	NAN	NAN	NAN	
133,303	NAN	NAN	NAN	NAN	NAN	
133,412	NAN	NAN	NAN	NAN	NAN	
133,506	NAN	NAN	NAN	NAN	NAN	
133,6	NAN	NAN	NAN	NAN	NAN	
133,709	NAN	NAN	NAN	NAN	NAN	
133,803	NAN	NAN	NAN	NAN	NAN	
133,912	NAN	NAN	NAN	NAN	NAN	
134,032	NAN	NAN	NAN	NAN	NAN	
134,115	NAN	NAN	NAN	NAN	NAN	
134,209	NAN	NAN	NAN	NAN	NAN	
134,303	NAN	NAN	NAN	NAN	NAN	
134,412	NAN	NAN	NAN	NAN	NAN	
134,513	NAN	NAN	NAN	NAN	NAN	
134,615	NAN	NAN	NAN	NAN	NAN	
134,709	NAN	NAN	NAN	NAN	NAN	
134,803	NAN	NAN	NAN	NAN	NAN	
134,912	NAN	NAN	NAN	NAN	NAN	
135,042	NAN	NAN	NAN	NAN	NAN	
135,181	NAN	NAN	NAN	NAN	NAN	
135,282	NAN	NAN	NAN	NAN	NAN	
135,361	NAN	NAN	NAN	NAN	NAN	
135,412	NAN	NAN	NAN	NAN	NAN	
135,506	NAN	NAN	NAN	NAN	NAN	
135,615	NAN	NAN	NAN	NAN	NAN	
135,709	NAN	NAN	NAN	NAN	NAN	
135,802	NAN	NAN	NAN	NAN	NAN	
135,912	NAN	NAN	NAN	NAN	NAN	
136,006	NAN	NAN	NAN	NAN	NAN	
136,115	NAN	NAN	NAN	NAN	NAN	
136,209	NAN	NAN	NAN	NAN	NAN	
136,302	NAN	NAN	NAN	NAN	NAN	
136,412	NAN	NAN	NAN	NAN	NAN	
136,506	NAN	NAN	NAN	NAN	NAN	
136,615	NAN	NAN	NAN	NAN	NAN	
136,709	NAN	NAN	NAN	NAN	NAN	
136,803	NAN	NAN	NAN	NAN	NAN	
136,912	NAN	NAN	NAN	NAN	NAN	
137,006	NAN	NAN	NAN	NAN	NAN	
137,115	NAN	NAN	NAN	NAN	NAN	
137,391	0,315	-0,025	-0,025	0,315	NAN	
137,413	0,315	-0,005	-0,005	0,315	NAN	
137,576	0,315	-0,005	-0,005	0,315	NAN	
137,586	0,315	-0,025	-0,025	0,315	NAN	
137,615	0,315	-0,015	-0,015	0,315	NAN	
137,709	0,315	-0,005	-0,005	0,315	NAN	
137,802	0,315	-0,025	-0,025	0,315	NAN	
137,912	0,315	-0,005	-0,005	0,315	NAN	
138,006	0,315	-0,015	-0,015	0,315	NAN	
138,115	0,315	-0,015	-0,015	0,315	NAN	
138,209	0,315	-0,015	-0,015	0,315	NAN	
138,302	0,315	-0,025	-0,025	0,315	NAN	
138,412	0,315	-0,01	-0,01	0,315	NAN	
138,505	0,315	-0,015	-0,015	0,315	NAN	
138,615	0,3	-0,01	-0,01	0,3	NAN	
138,709	0,315	-0,015	-0,015	0,315	NAN	
138,802	0,315	-0,025	-0,025	0,315	NAN	
138,912	0,315	-0,01	-0,01	0,315	NAN	
139,005	0,315	-0,015	-0,015	0,315	NAN	
139,115	0,315	-0,01	-0,01	0,315	NAN	
139,209	0,315	-0,01	-0,01	0,315	NAN	
139,302	0,315	-0,025	-0,025	0,315	NAN	
139,412	0,315	-0,005	-0,005	0,315	NAN	
139,505	0,315	-0,015	-0,015	0,315	NAN	
139,615	0,315	-0,015	-0,015	0,315	NAN	
139,709	0,315	-0,01	-0,01	0,315	NAN	
139,802	0,315	-0,02	-0,02	0,315	NAN	
139,912	0,315	-0,01	-0,01	0,315	NAN	
140,005	0,315	-0,015	-0,015	0,315	NAN	
140,115	0,315	-0,015	-0,015	0,315	NAN	
140,208	0,315	-0,01	-0,01	0,315	NAN	
140,302	0,315	-0,025	-0,025	0,315	NAN	
140,412	0,315	-0,005	-0,005	0,315	NAN	
140,505	0,315	-0,02	-0,02	0,315	NAN	
140,615	0,315	-0,01	-0,01	0,315	NAN	
140,708	0,315	-0,005	-0,005	0,315	NAN	
140,802	0,315	-0,02	-0,02	0,315	NAN	
140,912	0,315	-0,005	-0,005	0,315	NAN	
141,005	0,315	-0,015	-0,015	0,315	NAN	
141,115	0,315	-0,01	-0,01	0,315	NAN	
141,208	0,315	-0,005	-0,005	0,315	NAN	
141,302	0,315	-0,025	-0,025	0,315	NAN	
141,412	0,315	-0,005	-0,005	0,315	NAN	
141,505	0,315	-0,015	-0,015	0,315	NAN	
141,615	0,3	-0,01	-0,01	0,3	NAN	
141,708	0,315	-0,005	-0,005	0,315	NAN	
141,802	0,315	-0,02	-0,02	0,315	NAN	
141,912	0,315	-0,01	-0,01	0,315	NAN	
142,005	0,315	-0,015	-0,015	0,315	NAN	
142,115	0,315	-0,015	-0,015	0,315	NAN	
142,208	0,315	-0,01	-0,01	0,315	NAN	
142,302	0,315	-0,025	-0,025	0,315	NAN	
142,412	0,315	-0,005	-0,005	0,315	NAN	
142,505	0,315	-0,02	-0,02	0,315	NAN	
142,615	0,315	-0,015	-0,015	0,315	NAN	
142,708	0,315	-0,005	-0,005	0,315	NAN	
142,802	0,315	-0,02	-0,02	0,315	NAN	
142,911	0,315	-0,005	-0,005	0,315	NAN	
143,005	0,315	-0,015	-0,015	0,315	NAN	
143,115	0,3	-0,015	-0,015	0,3	NAN	
143,208	0,315	0	0	0,315	NAN	
143,302	0,315	-0,02	-0,02	0,315	NAN	
143,411	0,315	-0,005	-0,005	0,315	NAN	
143,505	0,315	-0,02	-0,02	0,315	NAN	
143,615	0,33	-0,015	-0,015	0,33	NAN	
143,708	0,315	-0,005	-0,005	0,315	NAN	
143,802	0,315	-0,02	-0,02	0,315	NAN	
143,911	0,315	-0,005	-0,005	0,315	NAN	
144,005	0,315	-0,01	-0,01	0,315	NAN	
144,115	0,315	-0,02	-0,02	0,315	NAN	
144,208	0,315	-0,005	-0,005	0,315	NAN	
144,302	0,315	-0,025	-0,025	0,315	NAN	
144,411	0,3	-0,01	-0,01	0,3	NAN	
144,505	0,315	-0,02	-0,02	0,315	NAN	
144,614	0,315	-0,015	-0,015	0,315	NAN	
144,708	0,315	-0,01	-0,01	0,315	NAN	
144,802	0,315	-0,025	-0,025	0,315	NAN	
144,911	0,3	-0,01	-0,01	0,3	NAN	
145,005	0,315	-0,005	-0,005	0,315	NAN	
145,114	0,3	-0,02	-0,02	0,3	NAN	
145,208	0,315	-0,01	-0,01	0,315	NAN	
145,302	0,315	-0,025	-0,025	0,315	NAN	
145,411	0,315	-0,005	-0,005	0,315	NAN	
145,505	0,315	-0,015	-0,015	0,315	NAN	
145,614	0,3	-0,015	-0,015	0,3	NAN	
145,708	0,315	-0,005	-0,005	0,315	NAN	
145,802	0,315	-0,025	-0,025	0,315	NAN	
145,911	0,315	-0,01	-0,01	0,315	NAN	
146,005	0,315	-0,015	-0,015	0,315	NAN	
146,114	0,3	-0,015	-0,015	0,3	NAN	
146,208	0,315	-0,01	-0,01	0,315	NAN	
146,302	0,315	-0,025	-0,025	0,315	NAN	
146,411	0,315	-0,01	-0,01	0,315	NAN	
146,505	0,315	-0,01	-0,01	0,315	NAN	
146,614	0,315	-0,02	-0,02	0,315	NAN	
146,708	0,315	-0,01	-0,01	0,315	NAN	
146,802	0,315	-0,025	-0,025	0,315	NAN	
146,911	0,315	-0,01	-0,01	0,315	NAN	
147,005	0,315	-0,015	-0,015	0,315	NAN	
147,114	0,315	-0,02	-0,02	0,315	NAN	
147,208	0,315	-0,005	-0,005	0,315	NAN	
147,302	0,315	-0,025	-0,025	0,315	NAN	
147,411	0,315	-0,01	-0,01	0,315	NAN	
147,505	0,315	-0,015	-0,015	0,315	NAN	
147,614	0,315	-0,015	-0,015	0,315	NAN	
147,708	0,315	-0,01	-0,01	0,315	NAN	
147,802	0,315	-0,02	-0,02	0,315	NAN	
147,911	0,315	-0,015	-0,015	0,315	NAN	
148,005	0,315	-0,015	-0,015	0,315	NAN	
148,114	0,315	-0,02	-0,02	0,315	NAN	
148,208	0,315	-0,005	-0,005	0,315	NAN	
148,302	0,315	-0,025	-0,025	0,315	NAN	
148,411	0,3	-0,005	-0,005	0,3	NAN	
148,505	0,315	-0,02	-0,02	0,315	NAN	
148,614	0,315	-0,02	-0,02	0,315	NAN	
148,708	0,315	-0,005	-0,005	0,315	NAN	
148,802	0,315	-0,025	-0,025	0,315	NAN	
148,911	0,315	-0,01	-0,01	0,315	NAN	
149,005	0,315	-0,015	-0,015	0,315	NAN	
149,114	0,3	-0,02	-0,02	0,3	NAN	
149,208	0,315	-0,01	-0,01	0,315	NAN	
149,302	0,315	-0,02	-0,02	0,315	NAN	
149,411	0,315	-0,005	-0,005	0,315	NAN	
149,505	0,315	-0,015	-0,015	0,315	NAN	
149,614	0,315	-0,02	-0,02	0,315	NAN	
149,708	0,315	-0,015	-0,015	0,315	NAN	
149,802	0,315	-0,025	-0,025	0,315	NAN	
149,911	0,315	-0,01	-0,01	0,315	NAN	
150,005	0,315	-0,02	-0,02	0,315	NAN	
150,114	0,315	-0,015	-0,015	0,315	NAN	
150,208	0,315	-0,02	-0,02	0,315	NAN	
150,302	0,315	-0,02	-0,02	0,315	NAN	
150,411	0,315	-0,005	-0,005	0,315	NAN	
150,505	0,315	-0,015	-0,015	0,315	NAN	
150,614	0,3	-0,015	-0,015	0,3	NAN	
150,708	0,315	-0,005	-0,005	0,315	NAN	
150,802	0,315	-0,03	-0,03	0,315	NAN	
150,911	0,315	-0,01	-0,01	0,315	NAN	
151,005	0,315	-0,015	-0,015	0,315	NAN	
151,114	0,315	-0,015	-0,015	0,315	NAN	
151,208	0,315	-0,005	-0,005	0,315	NAN	
151,302	0,315	-0,02	-0,02	0,315	NAN	
151,411	0,315	-0,01	-0,01	0,315	NAN	
151,505	0,315	-0,015	-0,015	0,315	NAN	
151,614	0,315	-0,01	-0,01	0,315	NAN	
151,708	0,315	-0,01	-0,01	0,315	NAN	
151,802	0,315	-0,02	-0,02	0,315	NAN	
151,911	0,315	-0,005	-0,005	0,315	NAN	
152,005	0,315	-0,02	-0,02	0,315	NAN	
152,114	0,3	-0,015	-0,015	0,3	NAN	
152,208	0,315	-0,005	-0,005	0,315	NAN	
152,302	0,315	-0,02	-0,02	0,315	NAN	
152,411	0,315	-0,01	-0,01	0,315	NAN	
152,505	0,315	-0,015	-0,015	0,315	NAN	
152,614	0,315	-0,01	-0,01	0,315	NAN	
152,708	0,315	-0,005	-0,005	0,315	NAN	
152,802	0,315	-0,025	-0,025	0,315	NAN	
152,911	0,315	-0,005	-0,005	0,315	NAN	
153,005	0,315	-0,025	-0,025	0,315	NAN	
153,114	0,315	-0,015	-0,015	0,315	NAN	
153,208	0,315	-0,005	-0,005	0,315	NAN	
153,302	0,315	-0,02	-0,02	0,315	NAN	
153,411	0,315	-0,01	-0,01	0,315	NAN	
153,505	0,315	-0,02	-0,02	0,315	NAN	
153,614	0,315	-0,015	-0,015	0,315	NAN	
153,708	0,315	-0,005	-0,005	0,315	NAN	
153,802	0,315	-0,025	-0,025	0,315	NAN	
153,911	0,315	-0,005	-0,005	0,315	NAN	
154,005	0,315	-0,025	-0,025	0,315	NAN	
154,114	0,315	-0,01	-0,01	0,315	NAN	
154,208	0,315	-0,005	-0,005	0,315	NAN	
154,301	0,315	-0,025	-0,025	0,315	NAN	
154,411	0,315	0	0	0,315	NAN	
154,505	0,315	-0,025	-0,025	0,315	NAN	
154,614	0,315	-0,015	-0,015	0,315	NAN	
154,708	0,315	-0,01	-0,01	0,315	NAN	
154,801	0,3	-0,02	-0,02	0,3	NAN	
154,911	0,315	-0,01	-0,01	0,315	NAN	
155,005	0,315	-0,02	-0,02	0,315	NAN	
155,114	0,315	-0,01	-0,01	0,315	NAN	
155,208	0,315	-0,01	-0,01	0,315	NAN	
155,301	0,315	-0,025	-0,025	0,315	NAN	
155,411	0,315	-0,01	-0,01	0,315	NAN	
155,505	0,315	-0,03	-0,03	0,315	NAN	
155,614	0,315	-0,01	-0,01	0,315	NAN	
155,708	0,315	-0,01	-0,01	0,315	NAN	
155,801	0,315	-0,025	-0,025	0,315	NAN	
155,911	0,315	-0,01	-0,01	0,315	NAN	
156,005	0,315	-0,025	-0,025	0,315	NAN	
156,114	0,315	-0,005	-0,005	0,315	NAN	
156,208	0,315	-0,01	-0,01	0,315	NAN	
156,301	0,315	-0,025	-0,025	0,315	NAN	
156,411	0,315	-0,005	-0,005	0,315	NAN	
156,504	0,315	-0,025	-0,025	0,315	NAN	
156,614	0,315	-0,015	-0,015	0,315	NAN	
156,708	0,3	-0,015	-0,015	0,3	NAN	
156,801	0,315	-0,025	-0,025	0,315	NAN	
156,911	0,315	0	0	0,315	NAN	
157,004	0,315	-0,015	-0,015	0,315	NAN	
157,114	0,315	-0,01	-0,01	0,315	NAN	
157,208	0,315	-0,02	-0,02	0,315	NAN	
157,301	0,315	-0,02	-0,02	0,315	NAN	
157,411	0,315	-0,005	-0,005	0,315	NAN	
157,504	0,315	-0,025	-0,025	0,315	NAN	
157,614	0,315	-0,01	-0,01	0,315	NAN	
157,708	0,315	-0,015	-0,015	0,315	NAN	
157,801	0,315	-0,02	-0,02	0,315	NAN	
157,911	0,315	-0,005	-0,005	0,315	NAN	
158,004	0,315	-0,025	-0,025	0,315	NAN	
158,114	0,315	-0,005	-0,005	0,315	NAN	
158,208	0,315	-0,01	-0,01	0,315	NAN	
158,301	0,315	-0,02	-0,02	0,315	NAN	
158,411	0,315	-0,005	-0,005	0,315	NAN	
158,504	0,315	-0,025	-0,025	0,315	NAN	
158,614	0,315	-0,01	-0,01	0,315	NAN	
158,707	0,315	-0,015	-0,015	0,315	NAN	
158,801	0,315	-0,015	-0,015	0,315	NAN	
158,911	0,315	-0,005	-0,005	0,315	NAN	
159,004	0,315	-0,02	-0,02	0,315	NAN	
159,114	0,315	-0,01	-0,01	0,315	NAN	
159,207	0,3	-0,015	-0,015	0,3	NAN	
159,301	0,315	-0,015	-0,015	0,315	NAN	
159,411	0,315	-0,005	-0,005	0,315	NAN	
159,504	0,315	-0,02	-0,02	0,315	NAN	
159,614	0,315	-0,01	-0,01	0,315	NAN	
159,707	0,315	-0,02	-0,02	0,315	NAN	
159,801	0,315	-0,015	-0,015	0,315	NAN	
159,911	0,315	-0,01	-0,01	0,315	NAN	
160,004	0,315	-0,025	-0,025	0,315	NAN	
160,114	0,315	-0,01	-0,01	0,315	NAN	
160,207	0,315	-0,02	-0,02	0,315	NAN	
160,301	0,315	-0,015	-0,015	0,315	NAN	
160,411	0,315	-0,01	-0,01	0,315	NAN	
160,504	0,315	-0,02	-0,02	0,315	NAN	
160,614	0,315	-0,005	-0,005	0,315	NAN	
160,707	0,315	-0,02	-0,02	0,315	NAN	
160,801	0,315	-0,01	-0,01	0,315	NAN	
160,911	0,315	-0,015	-0,015	0,315	NAN	
161,004	0,315	-0,02	-0,02	0,315	NAN	
161,114	0,315	-0,005	-0,005	0,315	NAN	
161,207	0,315	-0,01	-0,01	0,315	NAN	
161,301	0,315	-0,015	-0,015	0,315	NAN	
161,411	0,315	-0,01	-0,01	0,315	NAN	
161,504	0,315	-0,02	-0,02	0,315	NAN	
161,614	0,315	-0,005	-0,005	0,315	NAN	
161,707	0,315	-0,02	-0,02	0,315	NAN	
161,801	0,315	-0,015	-0,015	0,315	NAN	
161,911	0,315	-0,01	-0,01	0,315	NAN	
162,004	0,315	-0,015	-0,015	0,315	NAN	
162,114	0,315	0	0	0,315	NAN	
162,207	0,315	-0,02	-0,02	0,315	NAN	
162,301	0,315	-0,01	-0,01	0,315	NAN	
162,41	0,315	-0,01	-0,01	0,315	NAN	
162,504	0,315	-0,02	-0,02	0,315	NAN	
162,614	0,315	-0,005	-0,005	0,315	NAN	
162,707	0,315	-0,02	-0,02	0,315	NAN	
162,801	0,315	-0,01	-0,01	0,315	NAN	
162,91	0,315	-0,005	-0,005	0,315	NAN	
163,004	0,315	-0,02	-0,02	0,315	NAN	
163,114	0,315	0	0	0,315	NAN	
163,207	0,315	-0,02	-0,02	0,315	NAN	
163,301	0,315	-0,015	-0,015	0,315	NAN	
163,41	0,315	-0,015	-0,015	0,315	NAN	
163,504	0,3	-0,015	-0,015	0,3	NAN	
163,613	0,315	-0,005	-0,005	0,315	NAN	
163,707	0,315	-0,02	-0,02	0,315	NAN	
163,801	0,315	-0,01	-0,01	0,315	NAN	
163,91	0,315	-0,01	-0,01	0,315	NAN	
164,004	0,315	-0,02	-0,02	0,315	NAN	
164,113	0,315	-0,005	-0,005	0,315	NAN	
164,207	0,315	-0,02	-0,02	0,315	NAN	
164,301	0,315	-0,015	-0,015	0,315	NAN	
164,41	0,315	-0,015	-0,015	0,315	NAN	
164,504	0,315	-0,02	-0,02	0,315	NAN	
164,613	0,315	-0,005	-0,005	0,315	NAN	
164,707	0,315	-0,02	-0,02	0,315	NAN	
164,801	0,3	-0,01	-0,01	0,3	NAN	
164,91	0,315	-0,015	-0,015	0,315	NAN	
165,004	0,315	-0,02	-0,02	0,315	NAN	
165,113	0,315	-0,005	-0,005	0,315	NAN	
165,207	0,315	-0,02	-0,02	0,315	NAN	
165,301	0,315	-0,005	-0,005	0,315	NAN	
165,41	0,315	-0,02	-0,02	0,315	NAN	
165,504	0,315	-0,015	-0,015	0,315	NAN	
165,613	0,315	-0,005	-0,005	0,315	NAN	
165,707	0,315	-0,025	-0,025	0,315	NAN	
165,801	0,315	-0,01	-0,01	0,315	NAN	
165,91	0,3	-0,02	-0,02	0,3	NAN	
166,004	0,315	-0,015	-0,015	0,315	NAN	
166,113	0,315	-0,005	-0,005	0,315	NAN	
166,207	0,315	-0,025	-0,025	0,315	NAN	
166,301	0,3	-0,01	-0,01	0,3	NAN	
166,41	0,315	-0,01	-0,01	0,315	NAN	
166,504	0,315	-0,015	-0,015	0,315	NAN	
166,613	0,315	-0,01	-0,01	0,315	NAN	
166,707	0,315	-0,02	-0,02	0,315	NAN	
166,801	0,315	-0,005	-0,005	0,315	NAN	
166,91	0,315	-0,02	-0,02	0,315	NAN	
167,004	0,315	-0,01	-0,01	0,315	NAN	
167,113	0,315	-0,005	-0,005	0,315	NAN	
167,207	0,315	-0,025	-0,025	0,315	NAN	
167,301	0,315	-0,005	-0,005	0,315	NAN	
167,41	0,315	-0,015	-0,015	0,315	NAN	
167,504	0,3	-0,015	-0,015	0,3	NAN	
167,613	0,315	-0,01	-0,01	0,315	NAN	
167,707	0,315	-0,02	-0,02	0,315	NAN	
167,801	0,315	-0,01	-0,01	0,315	NAN	
167,91	0,315	-0,02	-0,02	0,315	NAN	
168,004	0,315	-0,01	-0,01	0,315	NAN	
168,113	0,315	-0,01	-0,01	0,315	NAN	
168,207	0,315	-0,025	-0,025	0,315	NAN	
168,301	0,315	-0,005	-0,005	0,315	NAN	
168,41	0,315	-0,01	-0,01	0,315	NAN	
168,504	0,315	-0,01	-0,01	0,315	NAN	
168,613	0,315	-0,01	-0,01	0,315	NAN	
168,707	0,315	-0,025	-0,025	0,315	NAN	
168,801	0,315	-0,005	-0,005	0,315	NAN	
168,91	0,315	-0,025	-0,025	0,315	NAN	
169,004	0,315	-0,01	-0,01	0,315	NAN	
169,113	0,315	-0,01	-0,01	0,315	NAN	
169,207	0,315	-0,02	-0,02	0,315	NAN	
169,301	0,315	-0,005	-0,005	0,315	NAN	
169,41	0,315	-0,02	-0,02	0,315	NAN	
169,504	0,315	-0,015	-0,015	0,315	NAN	
169,613	0,315	-0,01	-0,01	0,315	NAN	
169,707	0,315	-0,02	-0,02	0,315	NAN	
169,801	0,315	-0,01	-0,01	0,315	NAN	
169,91	0,315	-0,02	-0,02	0,315	NAN	
170,004	0,315	-0,01	-0,01	0,315	NAN	
170,113	0,315	-0,005	-0,005	0,315	NAN	
170,207	0,315	-0,02	-0,02	0,315	NAN	
170,301	0,315	-0,01	-0,01	0,315	NAN	
170,41	0,315	-0,025	-0,025	0,315	NAN	
170,504	0,315	-0,01	-0,01	0,315	NAN	
170,613	0,315	-0,015	-0,015	0,315	NAN	
170,707	0,315	-0,02	-0,02	0,315	NAN	
170,801	0,315	-0,01	-0,01	0,315	NAN	
170,91	0,33	-0,02	-0,02	0,33	NAN	
171,004	0,315	-0,015	-0,015	0,315	NAN	
171,113	0,315	-0,015	-0,015	0,315	NAN	
171,207	0,315	-0,02	-0,02	0,315	NAN	
171,301	0,3	-0,005	-0,005	0,3	NAN	
171,41	0,315	-0,02	-0,02	0,315	NAN	
171,504	0,315	-0,01	-0,01	0,315	NAN	
171,613	0,315	-0,01	-0,01	0,315	NAN	
171,707	0,315	-0,015	-0,015	0,315	NAN	
171,801	0,315	-0,005	-0,005	0,315	NAN	
171,91	0,315	-0,025	-0,025	0,315	NAN	
172,004	0,315	-0,01	-0,01	0,315	NAN	
172,113	0,315	-0,01	-0,01	0,315	NAN	
172,207	0,315	-0,015	-0,015	0,315	NAN	
172,301	0,315	-0,005	-0,005	0,315	NAN	
172,41	0,315	-0,02	-0,02	0,315	NAN	
172,504	0,315	-0,005	-0,005	0,315	NAN	
172,613	0,315	-0,01	-0,01	0,315	NAN	
172,707	0,315	-0,02	-0,02	0,315	NAN	
172,8	0,315	-0,005	-0,005	0,315	NAN	
172,91	0,315	-0,025	-0,025	0,315	NAN	
173,004	0,315	-0,01	-0,01	0,315	NAN	
173,113	0,315	-0,01	-0,01	0,315	NAN	
173,207	0,315	-0,025	-0,025	0,315	NAN	
173,3	0,315	-0,01	-0,01	0,315	NAN	
173,41	0,315	-0,03	-0,03	0,315	NAN	
173,504	0,315	-0,005	-0,005	0,315	NAN	
173,613	0,315	-0,01	-0,01	0,315	NAN	
173,707	0,315	-0,02	-0,02	0,315	NAN	
173,8	0,315	-0,01	-0,01	0,315	NAN	
173,91	0,315	-0,025	-0,025	0,315	NAN	
174,004	0,315	-0,005	-0,005	0,315	NAN	
174,113	0,315	-0,015	-0,015	0,315	NAN	
174,207	0,315	-0,02	-0,02	0,315	NAN	
174,3	0,3	-0,01	-0,01	0,3	NAN	
174,41	0,315	-0,02	-0,02	0,315	NAN	
174,504	0,315	-0,01	-0,01	0,315	NAN	
174,613	0,315	-0,01	-0,01	0,315	NAN	
174,707	0,315	-0,02	-0,02	0,315	NAN	
174,8	0,315	0	0	0,315	NAN	
174,91	0,315	-0,025	-0,025	0,315	NAN	
175,004	0,315	-0,005	-0,005	0,315	NAN	
175,113	0,315	-0,01	-0,01	0,315	NAN	
175,207	0,315	-0,025	-0,025	0,315	NAN	
175,3	0,315	-0,01	-0,01	0,315	NAN	
175,41	0,315	-0,025	-0,025	0,315	NAN	
175,503	0,315	-0,01	-0,01	0,315	NAN	
175,613	0,315	-0,02	-0,02	0,315	NAN	
175,707	0,315	-0,02	-0,02	0,315	NAN	
175,8	0,315	-0,005	-0,005	0,315	NAN	
175,91	0,315	-0,015	-0,015	0,315	NAN	
176,003	0,315	-0,005	-0,005	0,315	NAN	
176,113	0,315	-0,015	-0,015	0,315	NAN	
176,207	0,315	-0,02	-0,02	0,315	NAN	
176,3	0,3	0	0	0,3	NAN	
176,41	0,315	-0,025	-0,025	0,315	NAN	
176,503	0,315	-0,005	-0,005	0,315	NAN	
176,613	0,315	-0,02	-0,02	0,315	NAN	
176,707	0,315	-0,02	-0,02	0,315	NAN	
176,8	0,315	-0,005	-0,005	0,315	NAN	
176,91	0,315	-0,025	-0,025	0,315	NAN	
177,003	0,315	-0,005	-0,005	0,315	NAN	
177,113	0,315	-0,01	-0,01	0,315	NAN	
177,207	0,315	-0,015	-0,015	0,315	NAN	
177,3	0,315	-0,015	-0,015	0,315	NAN	
177,41	0,315	-0,02	-0,02	0,315	NAN	
177,503	0,315	-0,005	-0,005	0,315	NAN	
177,613	0,315	-0,015	-0,015	0,315	NAN	
177,706	0,315	-0,015	-0,015	0,315	NAN	
177,8	0,3	-0,01	-0,01	0,3	NAN	
177,91	0,315	-0,025	-0,025	0,315	NAN	
178,003	0,315	-0,01	-0,01	0,315	NAN	
178,113	0,315	-0,02	-0,02	0,315	NAN	
178,206	0,3	-0,02	-0,02	0,3	NAN	
178,3	0,315	-0,01	-0,01	0,315	NAN	
178,41	0,315	-0,025	-0,025	0,315	NAN	
178,503	0,315	-0,01	-0,01	0,315	NAN	
178,613	0,315	-0,02	-0,02	0,315	NAN	
178,706	0,315	-0,015	-0,015	0,315	NAN	
178,8	0,315	0	0	0,315	NAN	
178,91	0,315	-0,025	-0,025	0,315	NAN	
179,003	0,315	-0,015	-0,015	0,315	NAN	
179,113	0,315	-0,02	-0,02	0,315	NAN	
179,206	0,315	-0,02	-0,02	0,315	NAN	
179,3	0,315	-0,01	-0,01	0,315	NAN	
179,41	0,315	-0,03	-0,03	0,315	NAN	
179,503	0,315	-0,01	-0,01	0,315	NAN	
179,613	0,315	-0,02	-0,02	0,315	NAN	
179,706	0,315	-0,02	-0,02	0,315	NAN	
179,8	0,315	-0,005	-0,005	0,315	NAN	
179,91	0,315	-0,025	-0,025	0,315	NAN	
180,003	0,315	-0,005	-0,005	0,315	NAN	
180,113	0,315	-0,02	-0,02	0,315	NAN	
180,206	0,315	-0,02	-0,02	0,315	NAN	
180,3	0,315	-0,01	-0,01	0,315	NAN	
180,41	0,315	-0,025	-0,025	0,315	NAN	
180,503	0,3	-0,01	-0,01	0,3	NAN	
180,613	0,315	-0,02	-0,02	0,315	NAN	
180,706	0,3	-0,02	-0,02	0,3	NAN	
180,8	0,315	-0,005	-0,005	0,315	NAN	
180,909	0,33	-0,025	-0,025	0,33	NAN	
181,003	0,315	-0,005	-0,005	0,315	NAN	
181,113	0,315	-0,015	-0,015	0,315	NAN	
181,206	0,315	-0,02	-0,02	0,315	NAN	
181,3	0,315	-0,01	-0,01	0,315	NAN	
181,409	0,315	-0,02	-0,02	0,315	NAN	
181,503	0,315	-0,005	-0,005	0,315	NAN	
181,613	0,315	-0,02	-0,02	0,315	NAN	
181,706	0,315	-0,015	-0,015	0,315	NAN	
181,8	0,315	-0,005	-0,005	0,315	NAN	
181,909	0,315	-0,025	-0,025	0,315	NAN	
182,003	0,315	-0,005	-0,005	0,315	NAN	
182,113	0,315	-0,02	-0,02	0,315	NAN	
182,206	0,315	-0,02	-0,02	0,315	NAN	
182,3	0,315	-0,01	-0,01	0,315	NAN	
182,409	0,315	-0,025	-0,025	0,315	NAN	
182,503	0,315	-0,01	-0,01	0,315	NAN	
182,612	0,315	-0,015	-0,015	0,315	NAN	
182,706	0,315	-0,025	-0,025	0,315	NAN	
182,8	0,315	0	0	0,315	NAN	
182,909	0,315	-0,02	-0,02	0,315	NAN	
183,003	0,315	-0,005	-0,005	0,315	NAN	
183,112	0,315	-0,02	-0,02	0,315	NAN	
183,206	0,315	-0,02	-0,02	0,315	NAN	
183,3	0,315	-0,01	-0,01	0,315	NAN	
183,409	0,315	-0,025	-0,025	0,315	NAN	
183,503	0,315	-0,005	-0,005	0,315	NAN	
183,612	0,315	-0,015	-0,015	0,315	NAN	
183,706	0,315	-0,02	-0,02	0,315	NAN	
183,8	0,315	-0,005	-0,005	0,315	NAN	
183,909	0,315	-0,02	-0,02	0,315	NAN	
184,003	0,315	-0,005	-0,005	0,315	NAN	
184,112	0,315	-0,015	-0,015	0,315	NAN	
184,206	0,315	-0,025	-0,025	0,315	NAN	
184,3	0,315	-0,005	-0,005	0,315	NAN	
184,409	0,315	-0,025	-0,025	0,315	NAN	
184,503	0,315	-0,005	-0,005	0,315	NAN	
184,612	0,315	-0,015	-0,015	0,315	NAN	
184,706	0,315	-0,02	-0,02	0,315	NAN	
184,8	0,315	-0,005	-0,005	0,315	NAN	
184,909	0,315	-0,025	-0,025	0,315	NAN	
185,003	0,315	-0,01	-0,01	0,315	NAN	
185,112	0,315	-0,02	-0,02	0,315	NAN	
185,206	0,315	-0,02	-0,02	0,315	NAN	
185,3	0,315	-0,01	-0,01	0,315	NAN	
185,409	0,315	-0,02	-0,02	0,315	NAN	
185,503	0,315	-0,015	-0,015	0,315	NAN	
185,612	0,315	-0,015	-0,015	0,315	NAN	
185,706	0,315	-0,015	-0,015	0,315	NAN	
185,8	0,315	0	0	0,315	NAN	
185,909	0,315	-0,025	-0,025	0,315	NAN	
186,003	0,315	-0,01	-0,01	0,315	NAN	
186,112	0,315	-0,01	-0,01	0,315	NAN	
186,206	0,315	-0,015	-0,015	0,315	NAN	
186,3	0,315	-0,01	-0,01	0,315	NAN	
186,409	0,315	-0,025	-0,025	0,315	NAN	
186,503	0,315	-0,01	-0,01	0,315	NAN	
186,612	0,315	-0,015	-0,015	0,315	NAN	
186,706	0,315	-0,015	-0,015	0,315	NAN	
186,8	0,3	-0,01	-0,01	0,3	NAN	
186,909	0,315	-0,025	-0,025	0,315	NAN	
187,003	0,315	-0,01	-0,01	0,315	NAN	
187,112	0,315	-0,02	-0,02	0,315	NAN	
187,206	0,315	-0,025	-0,025	0,315	NAN	
187,3	0,315	-0,005	-0,005	0,315	NAN	
187,409	0,315	-0,02	-0,02	0,315	NAN	
187,503	0,315	-0,01	-0,01	0,315	NAN	
187,612	0,315	-0,015	-0,015	0,315	NAN	
187,706	0,315	-0,02	-0,02	0,315	NAN	
187,8	0,315	-0,005	-0,005	0,315	NAN	
187,909	0,315	-0,02	-0,02	0,315	NAN	
188,003	0,315	-0,015	-0,015	0,315	NAN	
188,112	0,315	-0,02	-0,02	0,315	NAN	
188,206	0,315	-0,02	-0,02	0,315	NAN	
188,3	0,315	-0,005	-0,005	0,315	NAN	
188,409	0,315	-0,025	-0,025	0,315	NAN	
188,503	0,315	-0,015	-0,015	0,315	NAN	
188,612	0,3	-0,015	-0,015	0,3	NAN	
188,706	0,315	-0,02	-0,02	0,315	NAN	
188,8	0,315	0	0	0,315	NAN	
188,909	0,315	-0,02	-0,02	0,315	NAN	
189,003	0,315	-0,01	-0,01	0,315	NAN	
189,112	0,315	-0,015	-0,015	0,315	NAN	
189,206	0,315	-0,02	-0,02	0,315	NAN	
189,3	0,315	-0,01	-0,01	0,315	NAN	
189,409	0,315	-0,025	-0,025	0,315	NAN	
189,503	0,315	-0,005	-0,005	0,315	NAN	
189,612	0,315	-0,015	-0,015	0,315	NAN	
189,706	0,315	-0,02	-0,02	0,315	NAN	
189,8	0,315	-0,01	-0,01	0,315	NAN	
189,909	0,315	-0,02	-0,02	0,315	NAN	
190,003	0,315	-0,01	-0,01	0,315	NAN	
190,112	0,315	-0,02	-0,02	0,315	NAN	
190,206	0,315	-0,02	-0,02	0,315	NAN	
190,3	0,315	-0,01	-0,01	0,315	NAN	
190,409	0,315	-0,02	-0,02	0,315	NAN	
190,503	0,315	-0,005	-0,005	0,315	NAN	
190,612	0,315	-0,02	-0,02	0,315	NAN	
190,706	0,315	-0,015	-0,015	0,315	NAN	
190,8	0,315	-0,005	-0,005	0,315	NAN	
190,909	0,315	-0,02	-0,02	0,315	NAN	
191,003	0,315	-0,01	-0,01	0,315	NAN	
191,112	0,3	-0,01	-0,01	0,3	NAN	
191,206	0,315	-0,02	-0,02	0,315	NAN	
191,3	0,315	-0,005	-0,005	0,315	NAN	
191,409	0,315	-0,015	-0,015	0,315	NAN	
191,503	0,315	-0,01	-0,01	0,315	NAN	
191,612	0,315	-0,015	-0,015	0,315	NAN	
191,706	0,315	-0,02	-0,02	0,315	NAN	
191,815	0,315	-0,005	-0,005	0,315	NAN	
191,909	0,315	-0,025	-0,025	0,315	NAN	
192,003	0,315	-0,01	-0,01	0,315	NAN	
192,112	0,315	-0,01	-0,01	0,315	NAN	
192,206	0,315	-0,02	-0,02	0,315	NAN	
192,315	0,315	-0,005	-0,005	0,315	NAN	
192,409	0,33	-0,025	-0,025	0,33	NAN	
192,503	0,315	-0,01	-0,01	0,315	NAN	
192,612	0,315	-0,025	-0,025	0,315	NAN	
192,706	0,315	-0,02	-0,02	0,315	NAN	
192,815	0,315	-0,005	-0,005	0,315	NAN	
192,909	0,315	-0,02	-0,02	0,315	NAN	
193,003	0,315	-0,015	-0,015	0,315	NAN	
193,112	0,315	-0,01	-0,01	0,315	NAN	
193,206	0,315	-0,015	-0,015	0,315	NAN	
193,315	0,315	-0,005	-0,005	0,315	NAN	
193,409	0,315	-0,02	-0,02	0,315	NAN	
193,503	0,315	-0,015	-0,015	0,315	NAN	
193,612	0,315	-0,02	-0,02	0,315	NAN	
193,706	0,315	-0,025	-0,025	0,315	NAN	
193,815	0,315	-0,005	-0,005	0,315	NAN	
193,909	0,315	-0,02	-0,02	0,315	NAN	
194,002	0,315	-0,01	-0,01	0,315	NAN	
194,112	0,315	-0,015	-0,015	0,315	NAN	
194,206	0,315	-0,02	-0,02	0,315	NAN	
194,315	0,315	-0,005	-0,005	0,315	NAN	
194,409	0,315	-0,02	-0,02	0,315	NAN	
194,502	0,3	-0,01	-0,01	0,3	NAN	
194,612	0,315	-0,015	-0,015	0,315	NAN	
194,706	0,315	-0,02	-0,02	0,315	NAN	
194,815	0,315	-0,01	-0,01	0,315	NAN	
194,909	0,315	-0,025	-0,025	0,315	NAN	
195,002	0,315	-0,01	-0,01	0,315	NAN	
195,112	0,315	-0,01	-0,01	0,315	NAN	
195,206	0,315	-0,02	-0,02	0,315	NAN	
195,315	0,315	-0,01	-0,01	0,315	NAN	
195,409	0,315	-0,02	-0,02	0,315	NAN	
195,502	0,315	-0,005	-0,005	0,315	NAN	
195,612	0,315	-0,01	-0,01	0,315	NAN	
195,706	0,315	-0,025	-0,025	0,315	NAN	
195,815	0,315	0	0	0,315	NAN	
195,909	0,3	-0,015	-0,015	0,3	NAN	
196,002	0,315	-0,015	-0,015	0,315	NAN	
196,112	0,315	-0,015	-0,015	0,315	NAN	
196,206	0,315	-0,02	-0,02	0,315	NAN	
196,315	0,315	-0,005	-0,005	0,315	NAN	
196,409	0,315	-0,02	-0,02	0,315	NAN	
196,502	0,315	-0,015	-0,015	0,315	NAN	
196,612	0,315	-0,01	-0,01	0,315	NAN	
196,706	0,315	-0,02	-0,02	0,315	NAN	
196,815	0,315	-0,01	-0,01	0,315	NAN	
196,909	0,315	-0,02	-0,02	0,315	NAN	
197,002	0,315	-0,01	-0,01	0,315	NAN	
197,112	0,315	-0,015	-0,015	0,315	NAN	
