MIN=0	0	-10	-0,5	0	0	
MAX=40	30	10	5	27	5	
SCALE=10	10	5	1	10	1	
DEC=1	2	2	1	1	3	
DEF="Tiempo" t / s	"Tensión" U_A1 / V	"Tensión" U_B1 / V	"Intensidad" I / u.a.	"Voltaje acelerador" Vac / V	"Frecuencia" f / Hz	
0	0,345	-0,02	-0,02	0,345	NAN	
0,101	0,345	-0,02	-0,02	0,345	NAN	
0,2	0,345	-0,02	-0,02	0,345	NAN	
0,301	0,345	-0,02	-0,02	0,345	NAN	
0,4	0,345	-0,025	-0,025	0,345	NAN	
0,5	0,33	-0,02	-0,02	0,33	NAN	
0,6	0,33	-0,015	-0,015	0,33	NAN	
0,7	0,33	-0,02	-0,02	0,33	NAN	
0,8	0,33	-0,025	-0,025	0,33	NAN	
0,9	0,33	-0,02	-0,02	0,33	NAN	
1	0,33	-0,02	-0,02	0,33	NAN	
1,1	0,33	-0,02	-0,02	0,33	NAN	
1,2	0,33	-0,025	-0,025	0,33	NAN	
1,3	0,33	-0,015	-0,015	0,33	NAN	
1,4	0,45	-0,015	-0,015	0,45	NAN	
1,5	0,615	-0,015	-0,015	0,615	NAN	
1,6	0,78	-0,02	-0,02	0,78	NAN	
1,7	0,945	-0,01	-0,01	0,945	NAN	
1,8	1,11	-0,015	-0,015	1,11	NAN	
1,9	1,275	-0,015	-0,015	1,275	NAN	
2	1,425	-0,015	-0,015	1,425	NAN	
2,1	1,59	-0,015	-0,015	1,59	NAN	
2,2	1,74	-0,015	-0,015	1,74	NAN	
2,3	1,905	-0,01	-0,01	1,905	NAN	
2,4	2,055	-0,015	-0,015	2,055	NAN	
2,5	2,22	-0,01	-0,01	2,22	NAN	
2,6	2,37	-0,01	-0,01	2,37	NAN	
2,7	2,52	-0,015	-0,015	2,52	NAN	
2,8	2,67	-0,015	-0,015	2,67	NAN	
2,9	2,82	-0,02	-0,02	2,82	NAN	
3	2,97	-0,02	-0,02	2,97	NAN	
3,1	3,12	-0,015	-0,015	3,12	NAN	
3,2	3,27	-0,02	-0,02	3,27	NAN	
3,3	3,42	-0,015	-0,015	3,42	NAN	
3,4	3,555	-0,02	-0,02	3,555	NAN	
3,5	3,705	-0,015	-0,015	3,705	NAN	
3,6	3,855	-0,015	-0,015	3,855	NAN	
3,7	4,005	-0,015	-0,015	4,005	NAN	
3,8	4,14	-0,015	-0,015	4,14	NAN	
3,9	4,29	-0,015	-0,015	4,29	NAN	
4	4,425	-0,015	-0,015	4,425	NAN	
4,1	4,56	-0,015	-0,015	4,56	NAN	
4,2	4,71	-0,01	-0,01	4,71	NAN	
4,3	4,86	-0,015	-0,015	4,86	NAN	
4,4	4,995	-0,01	-0,01	4,995	NAN	
4,5	5,13	-0,015	-0,015	5,13	NAN	
4,6	5,265	-0,01	-0,01	5,265	NAN	
4,7	5,4	-0,01	-0,01	5,4	NAN	
4,8	5,535	-0,005	-0,005	5,535	NAN	
4,9	5,67	-0,01	-0,01	5,67	NAN	
5	5,805	-0,005	-0,005	5,805	NAN	
5,1	5,94	-0,005	-0,005	5,94	NAN	
5,2	6,075	0,01	0,01	6,075	NAN	
5,3	6,21	0	0	6,21	NAN	
5,4	6,33	0,01	0,01	6,33	NAN	
5,5	6,48	0,005	0,005	6,48	NAN	
5,6	6,6	0,01	0,01	6,6	NAN	
5,7	6,735	0	0	6,735	NAN	
5,8	6,855	0,01	0,01	6,855	NAN	
5,9	6,99	0,005	0,005	6,99	NAN	
6	7,11	0	0	7,11	NAN	
6,1	7,245	0,01	0,01	7,245	NAN	
6,2	7,365	0,005	0,005	7,365	NAN	
6,3	7,5	0,005	0,005	7,5	NAN	
6,4	7,62	0	0	7,62	NAN	
6,5	7,755	0,005	0,005	7,755	NAN	
6,6	7,875	0,005	0,005	7,875	NAN	
6,7	7,995	0	0	7,995	NAN	
6,8	8,115	0,01	0,01	8,115	NAN	
6,9	8,235	0	0	8,235	NAN	
7	8,37	0	0	8,37	NAN	
7,1	8,49	0,01	0,01	8,49	NAN	
7,2	8,61	0,01	0,01	8,61	NAN	
7,3	8,73	0,015	0,015	8,73	NAN	
7,4	8,835	0,02	0,02	8,835	NAN	
7,5	8,955	0,02	0,02	8,955	NAN	
7,6	9,09	0,03	0,03	9,09	NAN	
7,7	9,195	0,03	0,03	9,195	NAN	
7,8	9,315	0,04	0,04	9,315	NAN	
7,9	9,435	0,04	0,04	9,435	NAN	
8	9,555	0,05	0,05	9,555	NAN	
8,1	9,66	0,05	0,05	9,66	NAN	
8,2	9,78	0,06	0,06	9,78	NAN	
8,3	9,9	0,065	0,065	9,9	NAN	
8,4	10,005	0,065	0,065	10,005	NAN	
8,5	10,125	0,08	0,08	10,125	NAN	
8,6	10,23	0,09	0,09	10,23	NAN	
8,7	10,365	0,095	0,095	10,365	NAN	
8,8	10,455	0,11	0,11	10,455	NAN	
8,9	10,575	0,115	0,115	10,575	NAN	
9	10,68	0,13	0,13	10,68	NAN	
9,1	10,8	0,14	0,14	10,8	NAN	
9,2	10,89	0,15	0,15	10,89	NAN	
9,3	11,01	0,15	0,15	11,01	NAN	
9,4	11,115	0,16	0,16	11,115	NAN	
9,5	11,22	0,155	0,155	11,22	NAN	
9,6	11,325	0,145	0,145	11,325	NAN	
9,7	11,43	0,14	0,14	11,43	NAN	
9,8	11,535	0,135	0,135	11,535	NAN	
9,9	11,64	0,12	0,12	11,64	NAN	
10	11,745	0,12	0,12	11,745	NAN	
10,1	11,85	0,11	0,11	11,85	NAN	
10,2	11,97	0,095	0,095	11,97	NAN	
10,3	12,06	0,09	0,09	12,06	NAN	
10,4	12,18	0,085	0,085	12,18	NAN	
10,5	12,27	0,075	0,075	12,27	NAN	
10,6	12,375	0,075	0,075	12,375	NAN	
10,7	12,48	0,07	0,07	12,48	NAN	
10,8	12,57	0,065	0,065	12,57	NAN	
10,9	12,675	0,065	0,065	12,675	NAN	
11	12,765	0,065	0,065	12,765	NAN	
11,1	12,885	0,07	0,07	12,885	NAN	
11,2	12,975	0,07	0,07	12,975	NAN	
11,3	13,065	0,075	0,075	13,065	NAN	
11,4	13,17	0,075	0,075	13,17	NAN	
11,5	13,275	0,085	0,085	13,275	NAN	
11,6	13,365	0,09	0,09	13,365	NAN	
11,7	13,455	0,095	0,095	13,455	NAN	
11,8	13,56	0,1	0,1	13,56	NAN	
11,9	13,65	0,105	0,105	13,65	NAN	
12	13,74	0,115	0,115	13,74	NAN	
12,1	13,845	0,12	0,12	13,845	NAN	
12,2	13,935	0,135	0,135	13,935	NAN	
12,3	14,025	0,145	0,145	14,025	NAN	
12,4	14,13	0,15	0,15	14,13	NAN	
12,5	14,22	0,165	0,165	14,22	NAN	
12,6	14,325	0,18	0,18	14,325	NAN	
12,7	14,4	0,19	0,19	14,4	NAN	
12,8	14,49	0,205	0,205	14,49	NAN	
12,9	14,58	0,215	0,215	14,58	NAN	
13	14,685	0,23	0,23	14,685	NAN	
13,1	14,76	0,245	0,245	14,76	NAN	
13,2	14,85	0,265	0,265	14,85	NAN	
13,3	14,94	0,28	0,28	14,94	NAN	
13,4	15,03	0,3	0,3	15,03	NAN	
13,5	15,135	0,31	0,31	15,135	NAN	
13,6	15,21	0,335	0,335	15,21	NAN	
13,7	15,3	0,35	0,35	15,3	NAN	
13,8	15,39	0,375	0,375	15,39	NAN	
13,9	15,48	0,4	0,4	15,48	NAN	
14	15,57	0,42	0,42	15,57	NAN	
14,1	15,66	0,45	0,45	15,66	NAN	
14,2	15,735	0,47	0,47	15,735	NAN	
14,3	15,825	0,495	0,495	15,825	NAN	
14,4	15,9	0,505	0,505	15,9	NAN	
14,5	15,99	0,515	0,515	15,99	NAN	
14,6	16,08	0,52	0,52	16,08	NAN	
14,7	16,155	0,52	0,52	16,155	NAN	
14,8	16,245	0,515	0,515	16,245	NAN	
14,9	16,32	0,5	0,5	16,32	NAN	
15	16,41	0,49	0,49	16,41	NAN	
15,1	16,485	0,475	0,475	16,485	NAN	
15,2	16,56	0,455	0,455	16,56	NAN	
15,3	16,65	0,435	0,435	16,65	NAN	
15,4	16,725	0,42	0,42	16,725	NAN	
15,5	16,815	0,405	0,405	16,815	NAN	
15,6	16,905	0,38	0,38	16,905	NAN	
15,7	16,98	0,36	0,36	16,98	NAN	
15,8	17,055	0,345	0,345	17,055	NAN	
15,9	17,13	0,32	0,32	17,13	NAN	
16	17,205	0,305	0,305	17,205	NAN	
16,1	17,295	0,29	0,29	17,295	NAN	
16,2	17,37	0,285	0,285	17,37	NAN	
16,3	17,445	0,27	0,27	17,445	NAN	
16,4	17,52	0,26	0,26	17,52	NAN	
16,5	17,595	0,255	0,255	17,595	NAN	
16,6	17,67	0,255	0,255	17,67	NAN	
16,7	17,745	0,245	0,245	17,745	NAN	
16,8	17,82	0,25	0,25	17,82	NAN	
16,9	17,895	0,245	0,245	17,895	NAN	
17	17,97	0,25	0,25	17,97	NAN	
17,1	18,045	0,255	0,255	18,045	NAN	
17,2	18,12	0,255	0,255	18,12	NAN	
17,3	18,195	0,255	0,255	18,195	NAN	
17,4	18,27	0,27	0,27	18,27	NAN	
17,5	18,345	0,28	0,28	18,345	NAN	
17,6	18,42	0,29	0,29	18,42	NAN	
17,7	18,495	0,3	0,3	18,495	NAN	
17,8	18,57	0,31	0,31	18,57	NAN	
17,9	18,63	0,32	0,32	18,63	NAN	
18	18,705	0,33	0,33	18,705	NAN	
18,1	18,765	0,35	0,35	18,765	NAN	
18,2	18,84	0,36	0,36	18,84	NAN	
18,3	18,915	0,375	0,375	18,915	NAN	
18,4	18,99	0,395	0,395	18,99	NAN	
18,5	19,05	0,41	0,41	19,05	NAN	
18,6	19,125	0,43	0,43	19,125	NAN	
18,7	19,185	0,445	0,445	19,185	NAN	
18,8	19,26	0,46	0,46	19,26	NAN	
18,9	19,335	0,485	0,485	19,335	NAN	
19	19,395	0,5	0,5	19,395	NAN	
19,1	19,47	0,525	0,525	19,47	NAN	
19,2	19,545	0,55	0,55	19,545	NAN	
19,3	19,605	0,57	0,57	19,605	NAN	
19,4	19,665	0,6	0,6	19,665	NAN	
19,5	19,725	0,62	0,62	19,725	NAN	
19,6	19,8	0,65	0,65	19,8	NAN	
19,7	19,875	0,665	0,665	19,875	NAN	
19,8	19,935	0,7	0,7	19,935	NAN	
19,9	19,995	0,725	0,725	19,995	NAN	
20	20,07	0,765	0,765	20,07	NAN	
20,1	20,13	0,79	0,79	20,13	NAN	
20,2	20,19	0,815	0,815	20,19	NAN	
20,3	20,25	0,85	0,85	20,25	NAN	
20,4	20,31	0,89	0,89	20,31	NAN	
20,5	20,385	0,92	0,92	20,385	NAN	
20,6	20,445	0,955	0,955	20,445	NAN	
20,7	20,505	0,985	0,985	20,505	NAN	
20,8	20,58	1,03	1,03	20,58	NAN	
20,9	20,625	1,055	1,055	20,625	NAN	
21	20,685	1,085	1,085	20,685	NAN	
21,1	20,76	1,12	1,12	20,76	NAN	
21,2	20,82	1,14	1,14	20,82	NAN	
21,3	20,88	1,165	1,165	20,88	NAN	
21,4	20,94	1,185	1,185	20,94	NAN	
21,5	21	1,195	1,195	21	NAN	
21,6	21,06	1,205	1,205	21,06	NAN	
21,7	21,12	1,205	1,205	21,12	NAN	
21,8	21,18	1,21	1,21	21,18	NAN	
21,9	21,24	1,205	1,205	21,24	NAN	
22	21,3	1,205	1,205	21,3	NAN	
22,1	21,36	1,185	1,185	21,36	NAN	
22,2	21,42	1,18	1,18	21,42	NAN	
22,3	21,465	1,175	1,175	21,465	NAN	
22,4	21,525	1,16	1,16	21,525	NAN	
22,5	21,585	1,14	1,14	21,585	NAN	
22,6	21,645	1,12	1,12	21,645	NAN	
22,7	21,705	1,1	1,1	21,705	NAN	
22,8	21,765	1,08	1,08	21,765	NAN	
22,9	21,81	1,055	1,055	21,81	NAN	
23	21,885	1,03	1,03	21,885	NAN	
23,1	21,93	1,005	1,005	21,93	NAN	
23,2	21,99	0,975	0,975	21,99	NAN	
23,3	22,05	0,95	0,95	22,05	NAN	
23,4	22,11	0,93	0,93	22,11	NAN	
23,5	22,155	0,905	0,905	22,155	NAN	
23,6	22,215	0,885	0,885	22,215	NAN	
23,7	22,26	0,865	0,865	22,26	NAN	
23,8	22,32	0,84	0,84	22,32	NAN	
23,9	22,365	0,82	0,82	22,365	NAN	
24	22,425	0,8	0,8	22,425	NAN	
24,1	22,47	0,785	0,785	22,47	NAN	
24,2	22,53	0,765	0,765	22,53	NAN	
24,3	22,59	0,75	0,75	22,59	NAN	
24,4	22,635	0,745	0,745	22,635	NAN	
24,5	22,695	0,735	0,735	22,695	NAN	
24,6	22,74	0,725	0,725	22,74	NAN	
24,7	22,8	0,715	0,715	22,8	NAN	
24,8	22,845	0,71	0,71	22,845	NAN	
24,9	22,905	0,705	0,705	22,905	NAN	
25	22,95	0,705	0,705	22,95	NAN	
25,1	23,01	0,705	0,705	23,01	NAN	
25,2	23,055	0,71	0,71	23,055	NAN	
25,3	23,1	0,71	0,71	23,1	NAN	
25,4	23,16	0,71	0,71	23,16	NAN	
25,5	23,205	0,715	0,715	23,205	NAN	
25,6	23,25	0,725	0,725	23,25	NAN	
25,7	23,31	0,725	0,725	23,31	NAN	
25,8	23,355	0,74	0,74	23,355	NAN	
25,9	23,415	0,75	0,75	23,415	NAN	
26	23,445	0,755	0,755	23,445	NAN	
26,1	23,505	0,775	0,775	23,505	NAN	
26,2	23,55	0,79	0,79	23,55	NAN	
26,3	23,595	0,795	0,795	23,595	NAN	
26,4	23,64	0,81	0,81	23,64	NAN	
26,5	23,7	0,83	0,83	23,7	NAN	
26,6	23,745	0,85	0,85	23,745	NAN	
26,7	23,79	0,865	0,865	23,79	NAN	
26,8	23,835	0,885	0,885	23,835	NAN	
26,9	23,88	0,9	0,9	23,88	NAN	
27	23,925	0,925	0,925	23,925	NAN	
27,1	23,985	0,94	0,94	23,985	NAN	
27,2	24,03	0,96	0,96	24,03	NAN	
27,3	24,075	0,98	0,98	24,075	NAN	
27,4	24,12	1,01	1,01	24,12	NAN	
27,5	24,165	1,035	1,035	24,165	NAN	
27,6	24,21	1,055	1,055	24,21	NAN	
27,7	24,255	1,085	1,085	24,255	NAN	
27,8	24,3	1,11	1,11	24,3	NAN	
27,9	24,345	1,135	1,135	24,345	NAN	
28	24,39	1,17	1,17	24,39	NAN	
28,1	24,435	1,19	1,19	24,435	NAN	
28,2	24,48	1,225	1,225	24,48	NAN	
28,3	24,525	1,255	1,255	24,525	NAN	
28,4	24,57	1,29	1,29	24,57	NAN	
28,5	24,615	1,32	1,32	24,615	NAN	
28,6	24,645	1,36	1,36	24,645	NAN	
28,7	24,69	1,395	1,395	24,69	NAN	
28,8	24,735	1,415	1,415	24,735	NAN	
28,9	24,78	1,455	1,455	24,78	NAN	
29	24,825	1,49	1,49	24,825	NAN	
29,1	24,87	1,535	1,535	24,87	NAN	
29,2	24,915	1,57	1,57	24,915	NAN	
29,3	24,96	1,61	1,61	24,96	NAN	
29,4	24,99	1,655	1,655	24,99	NAN	
29,5	25,035	1,695	1,695	25,035	NAN	
29,6	25,08	1,745	1,745	25,08	NAN	
29,7	25,11	1,79	1,79	25,11	NAN	
29,8	25,17	1,84	1,84	25,17	NAN	
29,9	25,2	1,895	1,895	25,2	NAN	
30	25,245	1,945	1,945	25,245	NAN	
30,1	25,275	2	2	25,275	NAN	
30,2	25,32	2,055	2,055	25,32	NAN	
30,3	25,365	2,11	2,11	25,365	NAN	
30,4	25,395	2,16	2,16	25,395	NAN	
30,5	25,44	2,22	2,22	25,44	NAN	
30,6	25,485	2,27	2,27	25,485	NAN	
30,7	25,515	2,315	2,315	25,515	NAN	
30,8	25,56	2,335	2,335	25,56	NAN	
30,9	25,59	2,34	2,34	25,59	NAN	
31	25,635	2,385	2,385	25,635	NAN	
31,1	25,665	2,425	2,425	25,665	NAN	
31,2	25,725	2,455	2,455	25,725	NAN	
31,3	25,755	2,465	2,465	25,755	NAN	
31,4	25,785	2,475	2,475	25,785	NAN	
31,5	25,83	2,485	2,485	25,83	NAN	
31,6	25,875	2,485	2,485	25,875	NAN	
31,7	25,905	2,49	2,49	25,905	NAN	
31,8	25,935	2,48	2,48	25,935	NAN	
31,9	25,965	2,455	2,455	25,965	NAN	
32	26,01	2,435	2,435	26,01	NAN	
32,1	26,04	2,435	2,435	26,04	NAN	
32,2	26,085	2,515	2,515	26,085	NAN	
32,3	26,115	2,61	2,61	26,115	NAN	
32,4	26,16	2,6	2,6	26,16	NAN	
32,5	26,205	2,545	2,545	26,205	NAN	
32,6	26,235	2,475	2,475	26,235	NAN	
32,7	26,265	2,44	2,44	26,265	NAN	
32,8	26,31	2,425	2,425	26,31	NAN	
32,9	26,34	2,41	2,41	26,34	NAN	
33	26,37	2,395	2,395	26,37	NAN	
33,1	26,415	2,39	2,39	26,415	NAN	
33,2	26,445	2,375	2,375	26,445	NAN	
33,3	26,475	2,365	2,365	26,475	NAN	
33,4	26,505	2,36	2,36	26,505	NAN	
33,5	26,55	2,385	2,385	26,55	NAN	
33,6	26,58	2,385	2,385	26,58	NAN	
33,7	26,61	2,365	2,365	26,61	NAN	
33,8	26,655	2,325	2,325	26,655	NAN	
33,9	26,685	2,285	2,285	26,685	NAN	
34	26,73	2,295	2,295	26,73	NAN	
34,1	26,76	2,315	2,315	26,76	NAN	
34,2	26,79	2,16	2,16	26,79	NAN	
34,3	26,82	1,99	1,99	26,82	NAN	
34,4	26,85	1,91	1,91	26,85	NAN	
34,5	26,88	1,875	1,875	26,88	NAN	
