MIN=0	0	-10	-0,5	0	0	
MAX=160	30	10	5	27	5	
SCALE=50	10	5	1	10	1	
DEC=1	2	2	1	1	3	
DEF="Tiempo" t / s	"Tensión" U_A1 / V	"Tensión" U_B1 / V	"Intensidad" I / u.a.	"Voltaje acelerador" Vac / V	"Frecuencia" f / Hz	
0	0,24	-0,02	-0,02	0,24	NAN	
0,1	0,24	-0,015	-0,015	0,24	NAN	
0,201	0,255	-0,015	-0,015	0,255	NAN	
0,3	0,24	-0,015	-0,015	0,24	NAN	
0,4	0,24	-0,02	-0,02	0,24	NAN	
0,501	0,24	-0,02	-0,02	0,24	NAN	
0,6	0,24	-0,02	-0,02	0,24	NAN	
0,701	0,24	-0,015	-0,015	0,24	NAN	
0,855	0,24	-0,005	-0,005	0,24	NAN	
0,9	0,24	-0,02	-0,02	0,24	NAN	
1,001	0,24	-0,01	-0,01	0,24	NAN	
1,1	0,24	-0,02	-0,02	0,24	NAN	
1,201	0,24	-0,02	-0,02	0,24	NAN	
1,301	0,24	-0,015	-0,015	0,24	NAN	
1,4	0,255	-0,02	-0,02	0,255	NAN	
1,501	0,24	-0,01	-0,01	0,24	NAN	
1,6	0,255	-0,015	-0,015	0,255	NAN	
1,701	0,255	-0,015	-0,015	0,255	NAN	
1,871	0,24	-0,01	-0,01	0,24	NAN	
1,9	0,24	-0,01	-0,01	0,24	NAN	
2,001	0,24	-0,01	-0,01	0,24	NAN	
2,101	0,24	-0,01	-0,01	0,24	NAN	
2,201	0,255	-0,015	-0,015	0,255	NAN	
2,301	0,405	-0,015	-0,015	0,405	NAN	
2,4	0,525	-0,015	-0,015	0,525	NAN	
2,501	0,645	-0,01	-0,01	0,645	NAN	
2,601	0,78	-0,005	-0,005	0,78	NAN	
2,701	0,9	-0,01	-0,01	0,9	NAN	
2,871	1,125	-0,005	-0,005	1,125	NAN	
2,901	1,155	0	0	1,155	NAN	
3,001	1,275	-0,005	-0,005	1,275	NAN	
3,101	1,395	-0,005	-0,005	1,395	NAN	
3,201	1,515	-0,005	-0,005	1,515	NAN	
3,301	1,635	-0,005	-0,005	1,635	NAN	
3,401	1,77	-0,005	-0,005	1,77	NAN	
3,501	1,89	-0,01	-0,01	1,89	NAN	
3,601	2,01	-0,005	-0,005	2,01	NAN	
3,701	2,115	-0,005	-0,005	2,115	NAN	
3,871	2,325	0	0	2,325	NAN	
3,901	2,355	-0,01	-0,01	2,355	NAN	
4,001	2,475	-0,005	-0,005	2,475	NAN	
4,101	2,595	-0,01	-0,01	2,595	NAN	
4,201	2,715	0	0	2,715	NAN	
4,301	2,835	-0,005	-0,005	2,835	NAN	
4,401	2,94	-0,005	-0,005	2,94	NAN	
4,501	3,06	-0,005	-0,005	3,06	NAN	
4,601	3,165	0	0	3,165	NAN	
4,701	3,285	-0,005	-0,005	3,285	NAN	
4,871	3,465	-0,005	-0,005	3,465	NAN	
4,901	3,495	0	0	3,495	NAN	
5,001	3,615	-0,005	-0,005	3,615	NAN	
5,101	3,72	0	0	3,72	NAN	
5,201	3,84	0,005	0,005	3,84	NAN	
5,301	3,945	0,005	0,005	3,945	NAN	
5,401	4,05	0,005	0,005	4,05	NAN	
5,501	4,17	0,005	0,005	4,17	NAN	
5,601	4,275	0,015	0,015	4,275	NAN	
5,701	4,395	0,01	0,01	4,395	NAN	
5,871	4,56	0,01	0,01	4,56	NAN	
5,901	4,59	0,015	0,015	4,59	NAN	
6,001	4,695	0,025	0,025	4,695	NAN	
6,101	4,8	0,03	0,03	4,8	NAN	
6,201	4,905	0,03	0,03	4,905	NAN	
6,301	5,025	0,04	0,04	5,025	NAN	
6,401	5,13	0,045	0,045	5,13	NAN	
6,501	5,235	0,05	0,05	5,235	NAN	
6,601	5,325	0,055	0,055	5,325	NAN	
6,701	5,43	0,065	0,065	5,43	NAN	
6,871	5,61	0,075	0,075	5,61	NAN	
6,901	5,625	0,08	0,08	5,625	NAN	
7,001	5,73	0,09	0,09	5,73	NAN	
7,101	5,835	0,11	0,11	5,835	NAN	
7,201	5,925	0,11	0,11	5,925	NAN	
7,301	6,03	0,115	0,115	6,03	NAN	
7,401	6,135	0,115	0,115	6,135	NAN	
7,501	6,225	0,115	0,115	6,225	NAN	
7,601	6,33	0,11	0,11	6,33	NAN	
7,701	6,42	0,11	0,11	6,42	NAN	
7,871	6,585	0,095	0,095	6,585	NAN	
7,901	6,615	0,105	0,105	6,615	NAN	
8,001	6,72	0,09	0,09	6,72	NAN	
8,101	6,81	0,085	0,085	6,81	NAN	
8,201	6,9	0,08	0,08	6,9	NAN	
8,301	6,99	0,075	0,075	6,99	NAN	
8,401	7,08	0,075	0,075	7,08	NAN	
8,501	7,17	0,065	0,065	7,17	NAN	
8,601	7,275	0,065	0,065	7,275	NAN	
8,701	7,365	0,065	0,065	7,365	NAN	
8,87	7,515	0,065	0,065	7,515	NAN	
8,901	7,545	0,06	0,06	7,545	NAN	
9,001	7,635	0,065	0,065	7,635	NAN	
9,101	7,74	0,065	0,065	7,74	NAN	
9,201	7,83	0,075	0,075	7,83	NAN	
9,301	7,92	0,075	0,075	7,92	NAN	
9,401	8,01	0,08	0,08	8,01	NAN	
9,501	8,1	0,085	0,085	8,1	NAN	
9,601	8,19	0,09	0,09	8,19	NAN	
9,701	8,265	0,095	0,095	8,265	NAN	
9,87	8,43	0,105	0,105	8,43	NAN	
9,901	8,46	0,115	0,115	8,46	NAN	
10,001	8,535	0,125	0,125	8,535	NAN	
10,101	8,625	0,13	0,13	8,625	NAN	
10,201	8,715	0,14	0,14	8,715	NAN	
10,301	8,79	0,15	0,15	8,79	NAN	
10,401	8,88	0,17	0,17	8,88	NAN	
10,501	8,955	0,175	0,175	8,955	NAN	
10,601	9,045	0,195	0,195	9,045	NAN	
10,701	9,135	0,205	0,205	9,135	NAN	
10,87	9,285	0,225	0,225	9,285	NAN	
10,901	9,3	0,23	0,23	9,3	NAN	
11,001	9,39	0,255	0,255	9,39	NAN	
11,101	9,465	0,275	0,275	9,465	NAN	
11,201	9,54	0,29	0,29	9,54	NAN	
11,301	9,615	0,31	0,31	9,615	NAN	
0	0,285	-0,015	-0,015	0,285	NAN	
0,102	0,27	-0,02	-0,02	0,27	NAN	
0,211	0,27	0	0	0,27	NAN	
0,305	0,255	-0,02	-0,02	0,255	NAN	
0,414	0,255	-0,01	-0,01	0,255	NAN	
0,508	0,255	-0,01	-0,01	0,255	NAN	
0,602	0,255	-0,025	-0,025	0,255	NAN	
0,711	0,255	-0,005	-0,005	0,255	NAN	
0,805	0,255	-0,015	-0,015	0,255	NAN	
0,915	0,255	-0,015	-0,015	0,255	NAN	
1,008	0,24	-0,01	-0,01	0,24	NAN	
1,102	0,255	-0,02	-0,02	0,255	NAN	
1,211	0,255	-0,005	-0,005	0,255	NAN	
1,305	0,24	-0,02	-0,02	0,24	NAN	
1,414	0,24	-0,01	-0,01	0,24	NAN	
1,508	0,24	-0,005	-0,005	0,24	NAN	
1,602	0,255	-0,02	-0,02	0,255	NAN	
1,711	0,24	0	0	0,24	NAN	
1,805	0,24	-0,015	-0,015	0,24	NAN	
1,914	0,24	-0,015	-0,015	0,24	NAN	
2,008	0,255	-0,005	-0,005	0,255	NAN	
2,102	0,24	-0,02	-0,02	0,24	NAN	
2,211	0,24	-0,005	-0,005	0,24	NAN	
2,305	0,255	-0,015	-0,015	0,255	NAN	
2,414	0,24	-0,025	-0,025	0,24	NAN	
2,508	0,24	-0,005	-0,005	0,24	NAN	
2,602	0,24	-0,02	-0,02	0,24	NAN	
2,711	0,24	-0,005	-0,005	0,24	NAN	
2,805	0,24	-0,02	-0,02	0,24	NAN	
2,914	0,24	-0,015	-0,015	0,24	NAN	
3,008	0,24	-0,005	-0,005	0,24	NAN	
3,102	0,255	-0,02	-0,02	0,255	NAN	
3,211	0,24	-0,01	-0,01	0,24	NAN	
3,305	0,24	-0,02	-0,02	0,24	NAN	
3,414	0,255	-0,015	-0,015	0,255	NAN	
3,508	0,24	-0,01	-0,01	0,24	NAN	
3,602	0,24	-0,02	-0,02	0,24	NAN	
3,711	0,24	-0,01	-0,01	0,24	NAN	
3,805	0,24	-0,015	-0,015	0,24	NAN	
3,914	0,24	-0,01	-0,01	0,24	NAN	
4,008	0,24	-0,005	-0,005	0,24	NAN	
4,102	0,24	-0,02	-0,02	0,24	NAN	
4,321	0,24	-0,02	-0,02	0,24	NAN	
4,331	0,24	-0,025	-0,025	0,24	NAN	
4,414	0,24	-0,02	-0,02	0,24	NAN	
4,508	0,24	-0,005	-0,005	0,24	NAN	
4,602	0,24	-0,025	-0,025	0,24	NAN	
4,711	0,24	-0,005	-0,005	0,24	NAN	
4,805	0,255	-0,01	-0,01	0,255	NAN	
4,914	0,24	-0,02	-0,02	0,24	NAN	
5,01	0,24	-0,005	-0,005	0,24	NAN	
5,102	0,24	-0,02	-0,02	0,24	NAN	
5,211	0,24	-0,015	-0,015	0,24	NAN	
5,305	0,24	-0,01	-0,01	0,24	NAN	
5,414	0,24	-0,02	-0,02	0,24	NAN	
5,508	0,24	-0,01	-0,01	0,24	NAN	
5,602	0,24	-0,02	-0,02	0,24	NAN	
5,711	0,24	-0,01	-0,01	0,24	NAN	
5,805	0,24	-0,01	-0,01	0,24	NAN	
5,914	0,24	-0,015	-0,015	0,24	NAN	
6,008	0,255	-0,005	-0,005	0,255	NAN	
6,102	0,24	-0,02	-0,02	0,24	NAN	
6,211	0,24	-0,01	-0,01	0,24	NAN	
6,305	0,24	-0,01	-0,01	0,24	NAN	
6,414	0,24	-0,025	-0,025	0,24	NAN	
6,508	0,24	0	0	0,24	NAN	
6,602	0,24	-0,015	-0,015	0,24	NAN	
6,711	0,255	-0,005	-0,005	0,255	NAN	
6,805	0,24	-0,005	-0,005	0,24	NAN	
6,914	0,24	-0,025	-0,025	0,24	NAN	
7,008	0,24	0	0	0,24	NAN	
7,102	0,24	-0,02	-0,02	0,24	NAN	
7,211	0,24	-0,01	-0,01	0,24	NAN	
7,305	0,24	-0,015	-0,015	0,24	NAN	
7,414	0,24	-0,025	-0,025	0,24	NAN	
7,508	0,255	-0,005	-0,005	0,255	NAN	
7,602	0,24	-0,01	-0,01	0,24	NAN	
7,711	0,24	-0,01	-0,01	0,24	NAN	
7,805	0,24	-0,005	-0,005	0,24	NAN	
7,914	0,255	-0,02	-0,02	0,255	NAN	
8,008	0,24	0	0	0,24	NAN	
8,102	0,24	-0,02	-0,02	0,24	NAN	
8,211	0,24	-0,01	-0,01	0,24	NAN	
8,305	0,24	-0,005	-0,005	0,24	NAN	
8,414	0,24	-0,02	-0,02	0,24	NAN	
8,508	0,24	-0,01	-0,01	0,24	NAN	
8,602	0,255	-0,015	-0,015	0,255	NAN	
8,711	0,24	-0,01	-0,01	0,24	NAN	
8,805	0,24	-0,01	-0,01	0,24	NAN	
8,914	0,24	-0,02	-0,02	0,24	NAN	
9,008	0,255	-0,005	-0,005	0,255	NAN	
9,102	0,24	-0,01	-0,01	0,24	NAN	
9,211	0,24	-0,01	-0,01	0,24	NAN	
9,305	0,24	-0,005	-0,005	0,24	NAN	
9,414	0,24	-0,025	-0,025	0,24	NAN	
9,508	0,24	-0,01	-0,01	0,24	NAN	
9,602	0,24	-0,015	-0,015	0,24	NAN	
9,711	0,24	-0,01	-0,01	0,24	NAN	
9,805	0,24	-0,005	-0,005	0,24	NAN	
9,914	0,24	-0,02	-0,02	0,24	NAN	
10,008	0,24	-0,005	-0,005	0,24	NAN	
10,101	0,24	-0,01	-0,01	0,24	NAN	
10,211	0,24	-0,015	-0,015	0,24	NAN	
10,305	0,24	-0,005	-0,005	0,24	NAN	
10,414	0,24	-0,025	-0,025	0,24	NAN	
10,508	0,24	-0,01	-0,01	0,24	NAN	
10,601	0,24	-0,01	-0,01	0,24	NAN	
10,711	0,24	-0,015	-0,015	0,24	NAN	
10,805	0,24	-0,005	-0,005	0,24	NAN	
10,914	0,24	-0,025	-0,025	0,24	NAN	
11,008	0,24	-0,005	-0,005	0,24	NAN	
11,101	0,255	-0,01	-0,01	0,255	NAN	
11,211	0,24	-0,01	-0,01	0,24	NAN	
11,305	0,24	-0,005	-0,005	0,24	NAN	
11,414	0,24	-0,025	-0,025	0,24	NAN	
11,508	0,24	-0,01	-0,01	0,24	NAN	
11,601	0,24	-0,015	-0,015	0,24	NAN	
11,711	0,24	-0,015	-0,015	0,24	NAN	
11,805	0,24	-0,005	-0,005	0,24	NAN	
11,914	0,24	-0,02	-0,02	0,24	NAN	
12,008	0,24	-0,01	-0,01	0,24	NAN	
12,101	0,24	-0,005	-0,005	0,24	NAN	
12,211	0,24	-0,025	-0,025	0,24	NAN	
12,304	0,24	-0,005	-0,005	0,24	NAN	
12,414	0,255	-0,02	-0,02	0,255	NAN	
12,508	0,24	-0,005	-0,005	0,24	NAN	
12,601	0,24	-0,005	-0,005	0,24	NAN	
12,711	0,24	-0,02	-0,02	0,24	NAN	
12,804	0,24	0	0	0,24	NAN	
12,914	0,255	-0,02	-0,02	0,255	NAN	
13,008	0,24	-0,01	-0,01	0,24	NAN	
13,101	0,24	0	0	0,24	NAN	
13,211	0,24	-0,025	-0,025	0,24	NAN	
13,304	0,24	-0,005	-0,005	0,24	NAN	
13,414	0,24	-0,02	-0,02	0,24	NAN	
13,508	0,24	-0,01	-0,01	0,24	NAN	
13,601	0,255	-0,01	-0,01	0,255	NAN	
13,711	0,225	-0,02	-0,02	0,225	NAN	
13,804	0,24	-0,005	-0,005	0,24	NAN	
13,914	0,255	-0,02	-0,02	0,255	NAN	
14,008	0,24	-0,015	-0,015	0,24	NAN	
14,101	0,24	-0,005	-0,005	0,24	NAN	
14,211	0,255	-0,02	-0,02	0,255	NAN	
14,304	0,24	-0,01	-0,01	0,24	NAN	
14,414	0,24	-0,015	-0,015	0,24	NAN	
14,508	0,24	-0,01	-0,01	0,24	NAN	
14,601	0,24	-0,005	-0,005	0,24	NAN	
14,711	0,24	-0,02	-0,02	0,24	NAN	
14,804	0,24	-0,015	-0,015	0,24	NAN	
14,914	0,24	-0,015	-0,015	0,24	NAN	
15,007	0,24	-0,015	-0,015	0,24	NAN	
15,101	0,24	-0,005	-0,005	0,24	NAN	
15,211	0,24	-0,025	-0,025	0,24	NAN	
15,304	0,24	-0,01	-0,01	0,24	NAN	
15,414	0,255	-0,015	-0,015	0,255	NAN	
15,507	0,24	-0,015	-0,015	0,24	NAN	
15,601	0,24	-0,005	-0,005	0,24	NAN	
15,711	0,24	-0,02	-0,02	0,24	NAN	
15,804	0,24	-0,005	-0,005	0,24	NAN	
15,914	0,24	-0,02	-0,02	0,24	NAN	
16,007	0,24	-0,02	-0,02	0,24	NAN	
16,101	0,24	0	0	0,24	NAN	
16,211	0,24	-0,015	-0,015	0,24	NAN	
16,304	0,24	-0,01	-0,01	0,24	NAN	
16,414	0,24	-0,015	-0,015	0,24	NAN	
16,507	0,24	-0,015	-0,015	0,24	NAN	
16,601	0,24	0,005	0,005	0,24	NAN	
16,711	0,255	-0,02	-0,02	0,255	NAN	
16,804	0,24	-0,015	-0,015	0,24	NAN	
16,914	0,24	-0,01	-0,01	0,24	NAN	
17,007	0,255	-0,02	-0,02	0,255	NAN	
17,101	0,225	-0,005	-0,005	0,225	NAN	
17,21	0,24	-0,02	-0,02	0,24	NAN	
17,304	0,24	-0,01	-0,01	0,24	NAN	
17,414	0,24	-0,01	-0,01	0,24	NAN	
17,507	0,24	-0,025	-0,025	0,24	NAN	
17,601	0,24	-0,005	-0,005	0,24	NAN	
17,71	0,24	-0,015	-0,015	0,24	NAN	
17,804	0,24	-0,01	-0,01	0,24	NAN	
17,914	0,24	-0,01	-0,01	0,24	NAN	
18,007	0,24	-0,02	-0,02	0,24	NAN	
18,101	0,24	-0,005	-0,005	0,24	NAN	
18,21	0,24	-0,015	-0,015	0,24	NAN	
18,304	0,24	-0,015	-0,015	0,24	NAN	
18,414	0,24	-0,01	-0,01	0,24	NAN	
18,507	0,24	-0,025	-0,025	0,24	NAN	
18,601	0,225	-0,005	-0,005	0,225	NAN	
18,71	0,24	-0,02	-0,02	0,24	NAN	
18,804	0,24	-0,015	-0,015	0,24	NAN	
18,914	0,24	-0,01	-0,01	0,24	NAN	
19,007	0,24	-0,02	-0,02	0,24	NAN	
19,101	0,24	-0,005	-0,005	0,24	NAN	
19,21	0,255	-0,015	-0,015	0,255	NAN	
19,304	0,24	-0,015	-0,015	0,24	NAN	
19,413	0,24	-0,005	-0,005	0,24	NAN	
19,507	0,24	-0,025	-0,025	0,24	NAN	
19,601	0,24	-0,005	-0,005	0,24	NAN	
19,71	0,24	-0,02	-0,02	0,24	NAN	
19,804	0,24	-0,02	-0,02	0,24	NAN	
19,914	0,24	-0,005	-0,005	0,24	NAN	
20,007	0,24	-0,02	-0,02	0,24	NAN	
20,101	0,24	-0,01	-0,01	0,24	NAN	
20,21	0,24	-0,015	-0,015	0,24	NAN	
20,304	0,24	-0,01	-0,01	0,24	NAN	
20,413	0,24	0	0	0,24	NAN	
20,507	0,24	-0,025	-0,025	0,24	NAN	
20,601	0,24	-0,01	-0,01	0,24	NAN	
20,71	0,24	-0,02	-0,02	0,24	NAN	
20,804	0,24	-0,01	-0,01	0,24	NAN	
20,913	0,24	-0,01	-0,01	0,24	NAN	
21,007	0,255	-0,02	-0,02	0,255	NAN	
21,101	0,24	-0,01	-0,01	0,24	NAN	
21,21	0,24	-0,02	-0,02	0,24	NAN	
21,304	0,24	-0,015	-0,015	0,24	NAN	
21,413	0,24	-0,005	-0,005	0,24	NAN	
21,507	0,24	-0,025	-0,025	0,24	NAN	
21,601	0,24	-0,005	-0,005	0,24	NAN	
21,71	0,24	-0,02	-0,02	0,24	NAN	
21,804	0,24	-0,025	-0,025	0,24	NAN	
21,913	0,24	0	0	0,24	NAN	
22,007	0,24	-0,025	-0,025	0,24	NAN	
22,101	0,24	-0,005	-0,005	0,24	NAN	
22,21	0,24	-0,015	-0,015	0,24	NAN	
22,304	0,24	-0,02	-0,02	0,24	NAN	
22,413	0,24	-0,01	-0,01	0,24	NAN	
22,507	0,255	-0,01	-0,01	0,255	NAN	
22,601	0,24	-0,01	-0,01	0,24	NAN	
22,71	0,24	-0,02	-0,02	0,24	NAN	
22,804	0,24	-0,025	-0,025	0,24	NAN	
22,914	0,24	-0,005	-0,005	0,24	NAN	
23,007	0,24	-0,02	-0,02	0,24	NAN	
23,101	0,24	-0,015	-0,015	0,24	NAN	
23,21	0,255	-0,015	-0,015	0,255	NAN	
23,304	0,24	-0,02	-0,02	0,24	NAN	
23,413	0,24	-0,005	-0,005	0,24	NAN	
23,507	0,255	-0,02	-0,02	0,255	NAN	
23,601	0,24	-0,005	-0,005	0,24	NAN	
23,71	0,24	-0,01	-0,01	0,24	NAN	
23,804	0,24	-0,02	-0,02	0,24	NAN	
23,913	0,24	-0,005	-0,005	0,24	NAN	
24,007	0,24	-0,025	-0,025	0,24	NAN	
24,101	0,24	-0,015	-0,015	0,24	NAN	
24,21	0,255	-0,02	-0,02	0,255	NAN	
24,304	0,24	-0,02	-0,02	0,24	NAN	
24,413	0,24	-0,005	-0,005	0,24	NAN	
24,507	0,24	-0,025	-0,025	0,24	NAN	
24,601	0,24	-0,005	-0,005	0,24	NAN	
24,71	0,24	-0,01	-0,01	0,24	NAN	
24,804	0,24	-0,02	-0,02	0,24	NAN	
24,913	0,24	-0,005	-0,005	0,24	NAN	
25,007	0,24	-0,03	-0,03	0,24	NAN	
25,101	0,24	-0,015	-0,015	0,24	NAN	
25,21	0,24	-0,015	-0,015	0,24	NAN	
25,304	0,24	-0,015	-0,015	0,24	NAN	
25,413	0,24	-0,01	-0,01	0,24	NAN	
25,507	0,24	-0,025	-0,025	0,24	NAN	
25,601	0,24	-0,01	-0,01	0,24	NAN	
25,71	0,24	-0,015	-0,015	0,24	NAN	
25,804	0,24	-0,015	-0,015	0,24	NAN	
25,913	0,255	-0,01	-0,01	0,255	NAN	
26,007	0,24	-0,02	-0,02	0,24	NAN	
26,101	0,24	-0,01	-0,01	0,24	NAN	
26,21	0,24	-0,015	-0,015	0,24	NAN	
26,304	0,24	-0,02	-0,02	0,24	NAN	
26,413	0,24	-0,01	-0,01	0,24	NAN	
26,507	0,24	-0,025	-0,025	0,24	NAN	
26,601	0,24	-0,01	-0,01	0,24	NAN	
26,71	0,24	-0,015	-0,015	0,24	NAN	
26,804	0,24	-0,02	-0,02	0,24	NAN	
26,913	0,24	0	0	0,24	NAN	
27,007	0,24	-0,02	-0,02	0,24	NAN	
27,101	0,24	-0,005	-0,005	0,24	NAN	
27,21	0,24	-0,015	-0,015	0,24	NAN	
27,304	0,225	-0,02	-0,02	0,225	NAN	
27,413	0,24	-0,01	-0,01	0,24	NAN	
27,507	0,24	-0,02	-0,02	0,24	NAN	
27,601	0,24	-0,015	-0,015	0,24	NAN	
27,71	0,24	-0,015	-0,015	0,24	NAN	
27,804	0,24	-0,02	-0,02	0,24	NAN	
27,913	0,24	0	0	0,24	NAN	
28,007	0,24	-0,025	-0,025	0,24	NAN	
28,101	0,24	-0,01	-0,01	0,24	NAN	
28,21	0,24	0,01	0,01	0,24	NAN	
28,304	0,24	0,025	0,025	0,24	NAN	
28,413	0,24	0,04	0,04	0,24	NAN	
28,507	0,24	0,015	0,015	0,24	NAN	
28,601	0,24	0,01	0,01	0,24	NAN	
28,71	0,24	0	0	0,24	NAN	
28,804	0,24	-0,015	-0,015	0,24	NAN	
28,913	0,24	-0,005	-0,005	0,24	NAN	
29,007	0,24	-0,02	-0,02	0,24	NAN	
29,101	0,24	-0,015	-0,015	0,24	NAN	
29,21	0,24	-0,015	-0,015	0,24	NAN	
29,304	0,24	-0,02	-0,02	0,24	NAN	
29,413	0,24	-0,005	-0,005	0,24	NAN	
29,507	0,24	-0,02	-0,02	0,24	NAN	
29,601	0,24	-0,01	-0,01	0,24	NAN	
29,71	0,24	-0,015	-0,015	0,24	NAN	
29,804	0,24	-0,025	-0,025	0,24	NAN	
29,913	0,24	-0,01	-0,01	0,24	NAN	
30,007	0,24	-0,02	-0,02	0,24	NAN	
30,116	0,24	-0,005	-0,005	0,24	NAN	
30,21	0,24	-0,02	-0,02	0,24	NAN	
30,304	0,24	-0,02	-0,02	0,24	NAN	
30,413	0,24	-0,01	-0,01	0,24	NAN	
30,507	0,255	-0,02	-0,02	0,255	NAN	
30,616	0,24	-0,01	-0,01	0,24	NAN	
30,71	0,24	-0,015	-0,015	0,24	NAN	
30,804	0,24	-0,025	-0,025	0,24	NAN	
30,913	0,24	-0,01	-0,01	0,24	NAN	
31,007	0,255	-0,02	-0,02	0,255	NAN	
31,116	0,24	-0,015	-0,015	0,24	NAN	
31,21	0,24	-0,015	-0,015	0,24	NAN	
31,304	0,24	-0,025	-0,025	0,24	NAN	
31,413	0,24	0	0	0,24	NAN	
31,507	0,24	-0,02	-0,02	0,24	NAN	
31,616	0,24	-0,01	-0,01	0,24	NAN	
31,71	0,24	-0,01	-0,01	0,24	NAN	
31,803	0,24	-0,025	-0,025	0,24	NAN	
31,913	0,24	-0,005	-0,005	0,24	NAN	
32,007	0,24	-0,02	-0,02	0,24	NAN	
32,116	0,24	-0,01	-0,01	0,24	NAN	
32,21	0,24	-0,015	-0,015	0,24	NAN	
32,303	0,24	-0,02	-0,02	0,24	NAN	
32,413	0,24	-0,005	-0,005	0,24	NAN	
32,507	0,255	-0,02	-0,02	0,255	NAN	
32,616	0,24	-0,01	-0,01	0,24	NAN	
32,71	0,24	-0,015	-0,015	0,24	NAN	
32,803	0,24	-0,02	-0,02	0,24	NAN	
32,913	0,24	-0,005	-0,005	0,24	NAN	
33,007	0,24	-0,02	-0,02	0,24	NAN	
33,116	0,24	-0,01	-0,01	0,24	NAN	
33,21	0,24	-0,015	-0,015	0,24	NAN	
33,303	0,24	-0,02	-0,02	0,24	NAN	
33,413	0,24	0	0	0,24	NAN	
33,506	0,24	-0,02	-0,02	0,24	NAN	
33,616	0,24	-0,005	-0,005	0,24	NAN	
33,71	0,24	-0,015	-0,015	0,24	NAN	
33,803	0,24	-0,025	-0,025	0,24	NAN	
33,913	0,24	-0,005	-0,005	0,24	NAN	
34,006	0,24	-0,025	-0,025	0,24	NAN	
34,116	0,24	-0,01	-0,01	0,24	NAN	
34,21	0,24	-0,02	-0,02	0,24	NAN	
34,303	0,24	-0,025	-0,025	0,24	NAN	
34,413	0,24	-0,005	-0,005	0,24	NAN	
34,506	0,225	-0,02	-0,02	0,225	NAN	
34,616	0,24	-0,005	-0,005	0,24	NAN	
34,71	0,24	-0,005	-0,005	0,24	NAN	
34,803	0,24	-0,02	-0,02	0,24	NAN	
34,913	0,24	-0,005	-0,005	0,24	NAN	
35,006	0,24	-0,02	-0,02	0,24	NAN	
35,116	0,24	-0,01	-0,01	0,24	NAN	
35,21	0,24	-0,01	-0,01	0,24	NAN	
35,303	0,24	-0,02	-0,02	0,24	NAN	
35,413	0,24	-0,005	-0,005	0,24	NAN	
35,506	0,24	-0,025	-0,025	0,24	NAN	
35,616	0,24	-0,005	-0,005	0,24	NAN	
35,71	0,24	-0,02	-0,02	0,24	NAN	
35,803	0,24	-0,025	-0,025	0,24	NAN	
35,913	0,24	-0,01	-0,01	0,24	NAN	
36,006	0,255	-0,02	-0,02	0,255	NAN	
36,116	0,24	-0,015	-0,015	0,24	NAN	
36,209	0,24	-0,015	-0,015	0,24	NAN	
36,303	0,24	-0,02	-0,02	0,24	NAN	
36,413	0,24	-0,01	-0,01	0,24	NAN	
36,506	0,24	-0,025	-0,025	0,24	NAN	
36,616	0,24	-0,02	-0,02	0,24	NAN	
36,709	0,24	-0,035	-0,035	0,24	NAN	
36,803	0,24	-0,02	-0,02	0,24	NAN	
36,913	0,255	0,015	0,015	0,255	NAN	
37,006	0,24	-0,01	-0,01	0,24	NAN	
37,116	0,24	-0,005	-0,005	0,24	NAN	
37,209	0,24	-0,015	-0,015	0,24	NAN	
37,303	0,24	-0,02	-0,02	0,24	NAN	
37,413	0,255	-0,005	-0,005	0,255	NAN	
37,506	0,24	-0,02	-0,02	0,24	NAN	
37,616	0,24	-0,005	-0,005	0,24	NAN	
37,709	0,24	-0,01	-0,01	0,24	NAN	
37,803	0,24	-0,015	-0,015	0,24	NAN	
37,913	0,225	-0,01	-0,01	0,225	NAN	
38,006	0,24	-0,025	-0,025	0,24	NAN	
38,116	0,24	-0,015	-0,015	0,24	NAN	
38,209	0,24	-0,025	-0,025	0,24	NAN	
38,303	0,24	-0,02	-0,02	0,24	NAN	
38,412	0,24	0	0	0,24	NAN	
38,506	0,24	-0,025	-0,025	0,24	NAN	
38,616	0,24	0	0	0,24	NAN	
38,709	0,24	0	0	0,24	NAN	
38,803	0,24	-0,01	-0,01	0,24	NAN	
38,913	0,24	0	0	0,24	NAN	
39,006	0,255	-0,025	-0,025	0,255	NAN	
39,116	0,24	-0,01	-0,01	0,24	NAN	
39,209	0,24	-0,025	-0,025	0,24	NAN	
39,303	0,24	-0,02	-0,02	0,24	NAN	
39,412	0,24	0,005	0,005	0,24	NAN	
39,506	0,24	-0,02	-0,02	0,24	NAN	
39,616	0,24	-0,01	-0,01	0,24	NAN	
39,709	0,24	-0,02	-0,02	0,24	NAN	
39,803	0,24	-0,02	-0,02	0,24	NAN	
39,912	0,24	-0,005	-0,005	0,24	NAN	
40,006	0,255	-0,02	-0,02	0,255	NAN	
40,116	0,24	-0,005	-0,005	0,24	NAN	
40,209	0,24	-0,01	-0,01	0,24	NAN	
40,303	0,24	-0,035	-0,035	0,24	NAN	
40,412	0,24	-0,08	-0,08	0,24	NAN	
40,506	0,24	-0,065	-0,065	0,24	NAN	
40,616	0,24	-0,015	-0,015	0,24	NAN	
40,709	0,24	-0,01	-0,01	0,24	NAN	
40,803	0,24	-0,015	-0,015	0,24	NAN	
40,913	0,24	0,025	0,025	0,24	NAN	
41,006	0,24	0,025	0,025	0,24	NAN	
41,115	0,24	0,03	0,03	0,24	NAN	
41,209	0,24	0,005	0,005	0,24	NAN	
41,303	0,24	-0,01	-0,01	0,24	NAN	
41,412	0,24	-0,005	-0,005	0,24	NAN	
41,506	0,24	-0,02	-0,02	0,24	NAN	
41,615	0,24	-0,005	-0,005	0,24	NAN	
41,709	0,24	-0,015	-0,015	0,24	NAN	
41,803	0,24	-0,02	-0,02	0,24	NAN	
41,912	0,24	-0,015	-0,015	0,24	NAN	
42,006	0,24	-0,02	-0,02	0,24	NAN	
42,115	0,24	-0,01	-0,01	0,24	NAN	
42,209	0,24	-0,01	-0,01	0,24	NAN	
42,303	0,24	-0,025	-0,025	0,24	NAN	
42,412	0,24	-0,015	-0,015	0,24	NAN	
42,506	0,24	-0,025	-0,025	0,24	NAN	
42,615	0,24	-0,005	-0,005	0,24	NAN	
42,709	0,24	-0,005	-0,005	0,24	NAN	
42,803	0,24	0	0	0,24	NAN	
42,912	0,24	-0,005	-0,005	0,24	NAN	
43,006	0,24	-0,08	-0,08	0,24	NAN	
43,115	0,24	-0,05	-0,05	0,24	NAN	
43,209	0,24	-0,025	-0,025	0,24	NAN	
43,303	0,24	-0,025	-0,025	0,24	NAN	
43,412	0,24	0	0	0,24	NAN	
43,506	0,24	-0,025	-0,025	0,24	NAN	
43,615	0,24	-0,01	-0,01	0,24	NAN	
43,709	0,24	-0,015	-0,015	0,24	NAN	
43,803	0,24	-0,025	-0,025	0,24	NAN	
43,912	0,24	-0,005	-0,005	0,24	NAN	
44,006	0,255	-0,02	-0,02	0,255	NAN	
44,115	0,24	-0,01	-0,01	0,24	NAN	
44,209	0,24	-0,01	-0,01	0,24	NAN	
44,303	0,24	-0,025	-0,025	0,24	NAN	
44,412	0,24	-0,005	-0,005	0,24	NAN	
44,506	0,24	-0,02	-0,02	0,24	NAN	
44,615	0,24	0,03	0,03	0,24	NAN	
44,709	0,24	0,03	0,03	0,24	NAN	
44,803	0,24	0,025	0,025	0,24	NAN	
44,912	0,24	0,035	0,035	0,24	NAN	
45,006	0,24	-0,01	-0,01	0,24	NAN	
45,115	0,24	-0,01	-0,01	0,24	NAN	
45,209	0,24	-0,01	-0,01	0,24	NAN	
45,303	0,24	-0,015	-0,015	0,24	NAN	
45,412	0,24	-0,005	-0,005	0,24	NAN	
45,506	0,24	-0,015	-0,015	0,24	NAN	
45,615	0,24	-0,005	-0,005	0,24	NAN	
45,709	0,24	-0,015	-0,015	0,24	NAN	
45,803	0,24	-0,02	-0,02	0,24	NAN	
45,912	0,24	-0,005	-0,005	0,24	NAN	
46,006	0,24	-0,02	-0,02	0,24	NAN	
46,115	0,24	-0,01	-0,01	0,24	NAN	
46,209	0,24	-0,075	-0,075	0,24	NAN	
46,303	0,24	-0,08	-0,08	0,24	NAN	
46,412	0,24	-0,03	-0,03	0,24	NAN	
46,506	0,24	-0,02	-0,02	0,24	NAN	
46,615	0,24	-0,01	-0,01	0,24	NAN	
46,709	0,24	-0,015	-0,015	0,24	NAN	
46,803	0,24	-0,02	-0,02	0,24	NAN	
46,912	0,24	-0,005	-0,005	0,24	NAN	
47,006	0,24	-0,02	-0,02	0,24	NAN	
47,115	0,24	-0,01	-0,01	0,24	NAN	
47,209	0,24	-0,02	-0,02	0,24	NAN	
47,303	0,24	-0,02	-0,02	0,24	NAN	
47,412	0,255	-0,005	-0,005	0,255	NAN	
47,506	0,24	-0,02	-0,02	0,24	NAN	
47,615	0,24	-0,01	-0,01	0,24	NAN	
47,709	0,24	-0,015	-0,015	0,24	NAN	
47,803	0,24	-0,02	-0,02	0,24	NAN	
47,912	0,24	0	0	0,24	NAN	
48,006	0,24	-0,02	-0,02	0,24	NAN	
48,115	0,24	-0,005	-0,005	0,24	NAN	
48,209	0,24	-0,015	-0,015	0,24	NAN	
48,303	0,24	-0,02	-0,02	0,24	NAN	
48,412	0,24	0	0	0,24	NAN	
48,506	0,24	-0,025	-0,025	0,24	NAN	
48,615	0,24	-0,005	-0,005	0,24	NAN	
48,709	0,24	-0,015	-0,015	0,24	NAN	
48,803	0,24	-0,02	-0,02	0,24	NAN	
48,912	0,24	-0,005	-0,005	0,24	NAN	
49,006	0,24	-0,02	-0,02	0,24	NAN	
49,115	0,24	-0,01	-0,01	0,24	NAN	
49,209	0,255	-0,015	-0,015	0,255	NAN	
49,303	0,24	-0,015	-0,015	0,24	NAN	
49,412	0,24	0	0	0,24	NAN	
49,506	0,24	-0,025	-0,025	0,24	NAN	
49,615	0,24	-0,01	-0,01	0,24	NAN	
49,709	0,24	-0,015	-0,015	0,24	NAN	
49,803	0,225	-0,025	-0,025	0,225	NAN	
49,912	0,24	-0,005	-0,005	0,24	NAN	
50,006	0,24	-0,02	-0,02	0,24	NAN	
50,115	0,24	-0,01	-0,01	0,24	NAN	
50,209	0,24	-0,015	-0,015	0,24	NAN	
50,302	0,24	-0,025	-0,025	0,24	NAN	
50,412	0,24	-0,01	-0,01	0,24	NAN	
50,506	0,24	-0,015	-0,015	0,24	NAN	
50,615	0,24	-0,01	-0,01	0,24	NAN	
50,709	0,24	-0,015	-0,015	0,24	NAN	
50,802	0,255	-0,02	-0,02	0,255	NAN	
50,912	0,24	-0,005	-0,005	0,24	NAN	
51,006	0,24	-0,025	-0,025	0,24	NAN	
51,115	0,24	-0,005	-0,005	0,24	NAN	
51,209	0,24	-0,015	-0,015	0,24	NAN	
51,302	0,24	-0,02	-0,02	0,24	NAN	
51,412	0,24	-0,005	-0,005	0,24	NAN	
51,506	0,24	-0,02	-0,02	0,24	NAN	
51,615	0,24	0	0	0,24	NAN	
51,709	0,255	-0,015	-0,015	0,255	NAN	
51,802	0,24	-0,02	-0,02	0,24	NAN	
51,912	0,24	0	0	0,24	NAN	
52,006	0,24	-0,02	-0,02	0,24	NAN	
52,115	0,24	0,005	0,005	0,24	NAN	
52,209	0,24	-0,015	-0,015	0,24	NAN	
52,302	0,24	-0,015	-0,015	0,24	NAN	
52,412	0,24	-0,005	-0,005	0,24	NAN	
52,505	0,24	-0,02	-0,02	0,24	NAN	
52,615	0,24	-0,01	-0,01	0,24	NAN	
52,709	0,24	-0,015	-0,015	0,24	NAN	
52,802	0,24	-0,02	-0,02	0,24	NAN	
52,912	0,24	-0,005	-0,005	0,24	NAN	
53,005	0,24	-0,025	-0,025	0,24	NAN	
53,115	0,24	-0,005	-0,005	0,24	NAN	
53,209	0,24	-0,015	-0,015	0,24	NAN	
53,302	0,24	-0,02	-0,02	0,24	NAN	
53,412	0,24	-0,005	-0,005	0,24	NAN	
53,505	0,24	-0,02	-0,02	0,24	NAN	
53,615	0,24	0	0	0,24	NAN	
53,709	0,24	-0,015	-0,015	0,24	NAN	
53,802	0,24	-0,015	-0,015	0,24	NAN	
53,912	0,24	-0,01	-0,01	0,24	NAN	
54,005	0,24	-0,025	-0,025	0,24	NAN	
54,115	0,225	-0,01	-0,01	0,225	NAN	
54,209	0,24	-0,01	-0,01	0,24	NAN	
54,302	0,24	-0,015	-0,015	0,24	NAN	
54,412	0,24	-0,005	-0,005	0,24	NAN	
54,505	0,255	-0,015	-0,015	0,255	NAN	
54,615	0,24	-0,01	-0,01	0,24	NAN	
54,708	0,24	-0,01	-0,01	0,24	NAN	
54,802	0,24	-0,02	-0,02	0,24	NAN	
54,912	0,24	-0,01	-0,01	0,24	NAN	
55,005	0,24	-0,015	-0,015	0,24	NAN	
55,115	0,24	-0,015	-0,015	0,24	NAN	
55,209	0,24	-0,015	-0,015	0,24	NAN	
55,302	0,24	-0,02	-0,02	0,24	NAN	
55,412	0,24	-0,01	-0,01	0,24	NAN	
55,505	0,24	-0,02	-0,02	0,24	NAN	
55,615	0,24	-0,01	-0,01	0,24	NAN	
55,708	0,255	-0,02	-0,02	0,255	NAN	
55,802	0,24	-0,02	-0,02	0,24	NAN	
55,912	0,24	-0,01	-0,01	0,24	NAN	
56,005	0,24	-0,015	-0,015	0,24	NAN	
56,115	0,24	-0,005	-0,005	0,24	NAN	
56,208	0,24	-0,01	-0,01	0,24	NAN	
56,302	0,24	-0,02	-0,02	0,24	NAN	
56,412	0,24	-0,005	-0,005	0,24	NAN	
56,505	0,24	-0,02	-0,02	0,24	NAN	
56,615	0,24	-0,01	-0,01	0,24	NAN	
56,708	0,255	-0,015	-0,015	0,255	NAN	
56,802	0,24	-0,02	-0,02	0,24	NAN	
56,912	0,24	-0,01	-0,01	0,24	NAN	
57,005	0,24	-0,02	-0,02	0,24	NAN	
57,115	0,24	-0,01	-0,01	0,24	NAN	
57,208	0,24	-0,02	-0,02	0,24	NAN	
57,302	0,24	-0,02	-0,02	0,24	NAN	
57,411	0,255	-0,005	-0,005	0,255	NAN	
57,505	0,24	-0,025	-0,025	0,24	NAN	
57,615	0,24	0	0	0,24	NAN	
57,708	0,24	-0,025	-0,025	0,24	NAN	
57,802	0,24	-0,015	-0,015	0,24	NAN	
57,912	0,24	-0,01	-0,01	0,24	NAN	
58,005	0,24	-0,025	-0,025	0,24	NAN	
58,115	0,24	-0,005	-0,005	0,24	NAN	
58,208	0,24	-0,01	-0,01	0,24	NAN	
58,302	0,24	-0,015	-0,015	0,24	NAN	
58,411	0,24	-0,01	-0,01	0,24	NAN	
58,505	0,24	-0,02	-0,02	0,24	NAN	
58,615	0,24	-0,01	-0,01	0,24	NAN	
58,708	0,24	-0,02	-0,02	0,24	NAN	
58,802	0,24	-0,015	-0,015	0,24	NAN	
58,911	0,24	-0,01	-0,01	0,24	NAN	
59,005	0,24	-0,02	-0,02	0,24	NAN	
59,115	0,225	-0,005	-0,005	0,225	NAN	
59,208	0,24	-0,015	-0,015	0,24	NAN	
59,302	0,24	-0,015	-0,015	0,24	NAN	
59,411	0,24	-0,005	-0,005	0,24	NAN	
59,505	0,24	-0,025	-0,025	0,24	NAN	
59,615	0,24	-0,005	-0,005	0,24	NAN	
59,708	0,255	-0,01	-0,01	0,255	NAN	
59,802	0,24	-0,02	-0,02	0,24	NAN	
59,911	0,24	-0,005	-0,005	0,24	NAN	
60,005	0,24	-0,02	-0,02	0,24	NAN	
60,114	0,24	-0,005	-0,005	0,24	NAN	
60,208	0,24	-0,02	-0,02	0,24	NAN	
60,302	0,24	-0,025	-0,025	0,24	NAN	
60,411	0,24	-0,005	-0,005	0,24	NAN	
60,505	0,24	-0,025	-0,025	0,24	NAN	
60,614	0,24	0	0	0,24	NAN	
60,708	0,24	-0,015	-0,015	0,24	NAN	
60,802	0,24	-0,015	-0,015	0,24	NAN	
60,911	0,24	-0,01	-0,01	0,24	NAN	
61,005	0,24	-0,025	-0,025	0,24	NAN	
61,114	0,24	-0,005	-0,005	0,24	NAN	
61,208	0,24	-0,02	-0,02	0,24	NAN	
61,302	0,24	-0,02	-0,02	0,24	NAN	
61,411	0,24	-0,005	-0,005	0,24	NAN	
61,505	0,24	-0,02	-0,02	0,24	NAN	
61,614	0,24	-0,005	-0,005	0,24	NAN	
61,708	0,24	-0,015	-0,015	0,24	NAN	
61,802	0,24	-0,02	-0,02	0,24	NAN	
61,911	0,24	-0,01	-0,01	0,24	NAN	
62,005	0,24	-0,02	-0,02	0,24	NAN	
62,114	0,24	-0,005	-0,005	0,24	NAN	
62,208	0,24	-0,015	-0,015	0,24	NAN	
62,302	0,24	-0,02	-0,02	0,24	NAN	
62,411	0,24	-0,01	-0,01	0,24	NAN	
62,505	0,24	-0,02	-0,02	0,24	NAN	
62,614	0,24	-0,01	-0,01	0,24	NAN	
62,708	0,24	-0,015	-0,015	0,24	NAN	
62,802	0,24	-0,02	-0,02	0,24	NAN	
62,911	0,24	-0,01	-0,01	0,24	NAN	
63,005	0,24	-0,015	-0,015	0,24	NAN	
63,114	0,24	0	0	0,24	NAN	
63,208	0,24	-0,025	-0,025	0,24	NAN	
63,302	0,24	-0,015	-0,015	0,24	NAN	
63,411	0,24	-0,005	-0,005	0,24	NAN	
63,505	0,24	-0,015	-0,015	0,24	NAN	
63,614	0,225	-0,005	-0,005	0,225	NAN	
63,708	0,24	-0,015	-0,015	0,24	NAN	
63,802	0,24	-0,02	-0,02	0,24	NAN	
63,911	0,24	0	0	0,24	NAN	
64,005	0,24	-0,02	-0,02	0,24	NAN	
64,114	0,24	0	0	0,24	NAN	
64,208	0,24	-0,02	-0,02	0,24	NAN	
64,302	0,24	-0,015	-0,015	0,24	NAN	
64,411	0,24	-0,01	-0,01	0,24	NAN	
64,505	0,24	-0,02	-0,02	0,24	NAN	
64,614	0,24	-0,005	-0,005	0,24	NAN	
64,708	0,24	-0,015	-0,015	0,24	NAN	
64,802	0,255	-0,015	-0,015	0,255	NAN	
64,911	0,24	-0,01	-0,01	0,24	NAN	
65,005	0,24	-0,02	-0,02	0,24	NAN	
65,114	0,24	-0,005	-0,005	0,24	NAN	
65,208	0,24	-0,015	-0,015	0,24	NAN	
65,302	0,24	-0,02	-0,02	0,24	NAN	
65,411	0,24	-0,015	-0,015	0,24	NAN	
65,505	0,24	-0,015	-0,015	0,24	NAN	
65,614	0,255	-0,01	-0,01	0,255	NAN	
65,708	0,24	-0,015	-0,015	0,24	NAN	
65,802	0,24	-0,02	-0,02	0,24	NAN	
65,911	0,24	-0,01	-0,01	0,24	NAN	
66,005	0,255	-0,025	-0,025	0,255	NAN	
66,114	0,24	-0,005	-0,005	0,24	NAN	
66,208	0,24	-0,01	-0,01	0,24	NAN	
66,302	0,24	-0,015	-0,015	0,24	NAN	
66,411	0,24	0	0	0,24	NAN	
66,505	0,255	-0,02	-0,02	0,255	NAN	
66,614	0,255	-0,015	-0,015	0,255	NAN	
66,708	0,24	-0,015	-0,015	0,24	NAN	
66,802	0,24	-0,02	-0,02	0,24	NAN	
66,911	0,24	-0,005	-0,005	0,24	NAN	
67,005	0,255	-0,02	-0,02	0,255	NAN	
67,114	0,24	0	0	0,24	NAN	
67,208	0,24	-0,015	-0,015	0,24	NAN	
67,302	0,24	-0,025	-0,025	0,24	NAN	
67,411	0,24	0	0	0,24	NAN	
67,505	0,24	-0,015	-0,015	0,24	NAN	
67,614	0,24	-0,01	-0,01	0,24	NAN	
67,708	0,24	-0,015	-0,015	0,24	NAN	
67,802	0,255	-0,015	-0,015	0,255	NAN	
67,911	0,24	0	0	0,24	NAN	
68,005	0,24	-0,015	-0,015	0,24	NAN	
68,114	0,24	-0,005	-0,005	0,24	NAN	
68,208	0,24	-0,02	-0,02	0,24	NAN	
68,302	0,24	-0,02	-0,02	0,24	NAN	
68,411	0,24	-0,005	-0,005	0,24	NAN	
68,505	0,24	-0,025	-0,025	0,24	NAN	
68,614	0,24	-0,005	-0,005	0,24	NAN	
68,708	0,24	-0,02	-0,02	0,24	NAN	
68,802	0,255	-0,015	-0,015	0,255	NAN	
68,911	0,24	0	0	0,24	NAN	
69,005	0,24	-0,02	-0,02	0,24	NAN	
69,114	0,24	-0,01	-0,01	0,24	NAN	
69,208	0,24	-0,015	-0,015	0,24	NAN	
69,302	0,24	-0,02	-0,02	0,24	NAN	
69,411	0,24	-0,01	-0,01	0,24	NAN	
69,505	0,24	-0,02	-0,02	0,24	NAN	
69,614	0,24	-0,005	-0,005	0,24	NAN	
69,708	0,24	-0,015	-0,015	0,24	NAN	
69,801	0,24	-0,025	-0,025	0,24	NAN	
69,911	0,24	0	0	0,24	NAN	
70,005	0,24	-0,02	-0,02	0,24	NAN	
70,114	0,24	-0,01	-0,01	0,24	NAN	
70,208	0,24	-0,01	-0,01	0,24	NAN	
70,301	0,24	-0,02	-0,02	0,24	NAN	
70,411	0,24	0	0	0,24	NAN	
70,505	0,24	-0,025	-0,025	0,24	NAN	
70,614	0,24	-0,005	-0,005	0,24	NAN	
70,708	0,24	-0,01	-0,01	0,24	NAN	
70,801	0,24	-0,02	-0,02	0,24	NAN	
70,911	0,24	-0,005	-0,005	0,24	NAN	
71,005	0,24	-0,02	-0,02	0,24	NAN	
71,114	0,24	-0,01	-0,01	0,24	NAN	
71,208	0,24	-0,01	-0,01	0,24	NAN	
71,301	0,24	-0,02	-0,02	0,24	NAN	
71,411	0,24	-0,005	-0,005	0,24	NAN	
71,505	0,24	-0,025	-0,025	0,24	NAN	
71,614	0,24	-0,01	-0,01	0,24	NAN	
71,708	0,24	-0,01	-0,01	0,24	NAN	
71,801	0,24	-0,02	-0,02	0,24	NAN	
71,911	0,24	-0,005	-0,005	0,24	NAN	
72,004	0,24	-0,02	-0,02	0,24	NAN	
72,114	0,225	-0,01	-0,01	0,225	NAN	
72,208	0,24	0	0	0,24	NAN	
72,301	0,24	-0,025	-0,025	0,24	NAN	
72,411	0,24	0	0	0,24	NAN	
72,504	0,24	-0,025	-0,025	0,24	NAN	
72,614	0,24	-0,005	-0,005	0,24	NAN	
72,708	0,24	-0,01	-0,01	0,24	NAN	
72,801	0,24	-0,02	-0,02	0,24	NAN	
72,911	0,24	-0,005	-0,005	0,24	NAN	
73,004	0,24	-0,02	-0,02	0,24	NAN	
73,114	0,24	-0,01	-0,01	0,24	NAN	
73,208	0,24	-0,01	-0,01	0,24	NAN	
73,301	0,24	-0,025	-0,025	0,24	NAN	
73,411	0,24	-0,005	-0,005	0,24	NAN	
73,504	0,24	-0,015	-0,015	0,24	NAN	
73,614	0,24	-0,01	-0,01	0,24	NAN	
73,708	0,255	-0,015	-0,015	0,255	NAN	
73,801	0,24	-0,02	-0,02	0,24	NAN	
73,911	0,24	-0,005	-0,005	0,24	NAN	
74,004	0,24	-0,02	-0,02	0,24	NAN	
74,114	0,24	-0,01	-0,01	0,24	NAN	
74,207	0,24	-0,01	-0,01	0,24	NAN	
74,301	0,255	-0,015	-0,015	0,255	NAN	
74,411	0,24	-0,005	-0,005	0,24	NAN	
74,504	0,24	-0,015	-0,015	0,24	NAN	
74,614	0,24	-0,01	-0,01	0,24	NAN	
74,707	0,24	-0,01	-0,01	0,24	NAN	
74,801	0,24	-0,02	-0,02	0,24	NAN	
74,911	0,24	0	0	0,24	NAN	
75,004	0,24	-0,02	-0,02	0,24	NAN	
75,114	0,24	-0,01	-0,01	0,24	NAN	
75,207	0,24	-0,005	-0,005	0,24	NAN	
75,301	0,255	-0,025	-0,025	0,255	NAN	
75,411	0,225	-0,01	-0,01	0,225	NAN	
75,504	0,24	-0,015	-0,015	0,24	NAN	
75,614	0,24	-0,01	-0,01	0,24	NAN	
75,707	0,24	-0,01	-0,01	0,24	NAN	
75,801	0,24	-0,02	-0,02	0,24	NAN	
75,911	0,24	-0,005	-0,005	0,24	NAN	
76,004	0,255	-0,02	-0,02	0,255	NAN	
76,114	0,24	-0,015	-0,015	0,24	NAN	
76,207	0,24	-0,015	-0,015	0,24	NAN	
76,301	0,24	-0,025	-0,025	0,24	NAN	
76,41	0,24	-0,005	-0,005	0,24	NAN	
76,504	0,24	-0,015	-0,015	0,24	NAN	
76,614	0,24	-0,01	-0,01	0,24	NAN	
76,707	0,24	-0,005	-0,005	0,24	NAN	
76,801	0,24	-0,02	-0,02	0,24	NAN	
76,911	0,24	0	0	0,24	NAN	
77,004	0,24	-0,02	-0,02	0,24	NAN	
77,114	0,24	-0,01	-0,01	0,24	NAN	
77,207	0,24	-0,015	-0,015	0,24	NAN	
77,301	0,24	-0,02	-0,02	0,24	NAN	
77,41	0,24	-0,005	-0,005	0,24	NAN	
77,504	0,24	-0,02	-0,02	0,24	NAN	
77,614	0,24	-0,01	-0,01	0,24	NAN	
77,707	0,24	-0,005	-0,005	0,24	NAN	
77,801	0,24	-0,015	-0,015	0,24	NAN	
77,911	0,24	0	0	0,24	NAN	
78,004	0,24	-0,015	-0,015	0,24	NAN	
78,114	0,24	-0,015	-0,015	0,24	NAN	
78,207	0,255	-0,015	-0,015	0,255	NAN	
78,301	0,24	-0,02	-0,02	0,24	NAN	
78,41	0,24	-0,005	-0,005	0,24	NAN	
78,504	0,24	-0,015	-0,015	0,24	NAN	
78,614	0,24	-0,015	-0,015	0,24	NAN	
78,707	0,24	-0,005	-0,005	0,24	NAN	
78,801	0,24	-0,02	-0,02	0,24	NAN	
78,91	0,24	-0,005	-0,005	0,24	NAN	
79,004	0,24	-0,015	-0,015	0,24	NAN	
79,113	0,24	-0,01	-0,01	0,24	NAN	
79,207	0,24	-0,005	-0,005	0,24	NAN	
79,301	0,24	-0,02	-0,02	0,24	NAN	
79,41	0,24	-0,005	-0,005	0,24	NAN	
79,504	0,24	-0,015	-0,015	0,24	NAN	
79,613	0,24	-0,01	-0,01	0,24	NAN	
79,707	0,24	-0,005	-0,005	0,24	NAN	
79,801	0,24	-0,025	-0,025	0,24	NAN	
79,91	0,24	-0,005	-0,005	0,24	NAN	
80,004	0,24	-0,02	-0,02	0,24	NAN	
80,113	0,24	-0,01	-0,01	0,24	NAN	
80,207	0,24	-0,005	-0,005	0,24	NAN	
80,301	0,24	-0,02	-0,02	0,24	NAN	
80,41	0,24	0	0	0,24	NAN	
80,504	0,24	-0,02	-0,02	0,24	NAN	
80,613	0,24	-0,01	-0,01	0,24	NAN	
80,707	0,24	-0,015	-0,015	0,24	NAN	
80,801	0,24	-0,02	-0,02	0,24	NAN	
80,91	0,24	0	0	0,24	NAN	
81,004	0,24	-0,025	-0,025	0,24	NAN	
81,113	0,24	-0,01	-0,01	0,24	NAN	
81,207	0,24	-0,005	-0,005	0,24	NAN	
81,301	0,24	-0,025	-0,025	0,24	NAN	
81,41	0,24	-0,005	-0,005	0,24	NAN	
81,504	0,255	-0,02	-0,02	0,255	NAN	
81,613	0,24	-0,015	-0,015	0,24	NAN	
81,707	0,255	-0,005	-0,005	0,255	NAN	
81,801	0,24	-0,025	-0,025	0,24	NAN	
81,91	0,24	-0,005	-0,005	0,24	NAN	
82,004	0,24	-0,015	-0,015	0,24	NAN	
82,113	0,24	-0,015	-0,015	0,24	NAN	
82,207	0,24	-0,01	-0,01	0,24	NAN	
82,301	0,24	-0,025	-0,025	0,24	NAN	
82,41	0,24	-0,005	-0,005	0,24	NAN	
82,504	0,255	-0,02	-0,02	0,255	NAN	
82,613	0,24	-0,015	-0,015	0,24	NAN	
82,707	0,24	-0,01	-0,01	0,24	NAN	
82,801	0,24	-0,02	-0,02	0,24	NAN	
82,91	0,24	-0,005	-0,005	0,24	NAN	
83,004	0,255	-0,01	-0,01	0,255	NAN	
83,113	0,24	-0,015	-0,015	0,24	NAN	
83,207	0,24	0	0	0,24	NAN	
83,301	0,255	-0,025	-0,025	0,255	NAN	
83,41	0,24	-0,005	-0,005	0,24	NAN	
83,504	0,24	-0,02	-0,02	0,24	NAN	
83,613	0,24	-0,015	-0,015	0,24	NAN	
83,707	0,24	-0,005	-0,005	0,24	NAN	
83,801	0,24	-0,025	-0,025	0,24	NAN	
83,91	0,24	-0,005	-0,005	0,24	NAN	
84,004	0,255	-0,015	-0,015	0,255	NAN	
84,113	0,24	-0,02	-0,02	0,24	NAN	
84,207	0,255	0	0	0,255	NAN	
84,301	0,24	-0,025	-0,025	0,24	NAN	
84,41	0,24	-0,01	-0,01	0,24	NAN	
84,504	0,24	-0,015	-0,015	0,24	NAN	
84,613	0,24	-0,015	-0,015	0,24	NAN	
84,707	0,24	-0,005	-0,005	0,24	NAN	
84,801	0,24	-0,02	-0,02	0,24	NAN	
84,91	0,255	-0,01	-0,01	0,255	NAN	
85,004	0,24	-0,01	-0,01	0,24	NAN	
85,113	0,24	-0,02	-0,02	0,24	NAN	
85,207	0,24	-0,005	-0,005	0,24	NAN	
85,301	0,24	-0,025	-0,025	0,24	NAN	
85,41	0,24	-0,02	-0,02	0,24	NAN	
85,504	0,24	-0,01	-0,01	0,24	NAN	
85,613	0,24	-0,025	-0,025	0,24	NAN	
85,707	0,24	-0,005	-0,005	0,24	NAN	
85,801	0,24	-0,02	-0,02	0,24	NAN	
85,91	0,24	-0,01	-0,01	0,24	NAN	
86,004	0,24	-0,01	-0,01	0,24	NAN	
86,113	0,24	-0,025	-0,025	0,24	NAN	
86,207	0,24	0	0	0,24	NAN	
86,301	0,24	-0,015	-0,015	0,24	NAN	
86,41	0,24	-0,015	-0,015	0,24	NAN	
86,504	0,24	0,005	0,005	0,24	NAN	
86,613	0,24	-0,02	-0,02	0,24	NAN	
86,707	0,24	-0,005	-0,005	0,24	NAN	
86,801	0,24	-0,015	-0,015	0,24	NAN	
86,91	0,24	-0,015	-0,015	0,24	NAN	
87,004	0,255	-0,005	-0,005	0,255	NAN	
87,113	0,24	-0,02	-0,02	0,24	NAN	
87,207	0,24	-0,01	-0,01	0,24	NAN	
87,301	0,24	-0,02	-0,02	0,24	NAN	
87,41	0,24	-0,02	-0,02	0,24	NAN	
87,504	0,24	-0,005	-0,005	0,24	NAN	
87,613	0,255	-0,02	-0,02	0,255	NAN	
87,707	0,24	-0,01	-0,01	0,24	NAN	
87,801	0,24	-0,015	-0,015	0,24	NAN	
87,91	0,24	-0,02	-0,02	0,24	NAN	
88,004	0,24	-0,005	-0,005	0,24	NAN	
88,113	0,255	-0,025	-0,025	0,255	NAN	
88,207	0,255	-0,01	-0,01	0,255	NAN	
88,301	0,24	-0,01	-0,01	0,24	NAN	
88,41	0,24	-0,02	-0,02	0,24	NAN	
88,504	0,24	-0,005	-0,005	0,24	NAN	
88,613	0,24	-0,025	-0,025	0,24	NAN	
88,707	0,24	-0,005	-0,005	0,24	NAN	
88,816	0,24	-0,015	-0,015	0,24	NAN	
88,91	0,24	-0,025	-0,025	0,24	NAN	
89,004	0,24	-0,005	-0,005	0,24	NAN	
89,113	0,24	-0,02	-0,02	0,24	NAN	
89,207	0,24	-0,01	-0,01	0,24	NAN	
89,316	0,255	-0,015	-0,015	0,255	NAN	
89,41	0,24	-0,025	-0,025	0,24	NAN	
89,504	0,24	-0,01	-0,01	0,24	NAN	
89,613	0,24	-0,02	-0,02	0,24	NAN	
89,707	0,24	-0,005	-0,005	0,24	NAN	
89,816	0,24	-0,01	-0,01	0,24	NAN	
89,91	0,24	-0,025	-0,025	0,24	NAN	
90,004	0,24	-0,005	-0,005	0,24	NAN	
90,113	0,24	-0,02	-0,02	0,24	NAN	
90,207	0,24	-0,015	-0,015	0,24	NAN	
90,316	0,24	-0,01	-0,01	0,24	NAN	
90,41	0,24	-0,02	-0,02	0,24	NAN	
90,504	0,225	-0,005	-0,005	0,225	NAN	
90,613	0,24	-0,02	-0,02	0,24	NAN	
90,707	0,24	-0,01	-0,01	0,24	NAN	
90,816	0,24	-0,01	-0,01	0,24	NAN	
90,91	0,24	-0,02	-0,02	0,24	NAN	
91,003	0,24	-0,005	-0,005	0,24	NAN	
91,113	0,255	-0,015	-0,015	0,255	NAN	
91,207	0,24	-0,015	-0,015	0,24	NAN	
91,316	0,24	-0,01	-0,01	0,24	NAN	
91,41	0,24	-0,02	-0,02	0,24	NAN	
91,503	0,24	-0,01	-0,01	0,24	NAN	
91,613	0,24	-0,015	-0,015	0,24	NAN	
91,707	0,24	-0,01	-0,01	0,24	NAN	
91,816	0,24	-0,01	-0,01	0,24	NAN	
91,91	0,255	-0,025	-0,025	0,255	NAN	
92,003	0,225	-0,005	-0,005	0,225	NAN	
92,113	0,24	-0,015	-0,015	0,24	NAN	
92,207	0,24	-0,015	-0,015	0,24	NAN	
92,316	0,24	-0,01	-0,01	0,24	NAN	
92,41	0,24	-0,025	-0,025	0,24	NAN	
92,503	0,225	-0,01	-0,01	0,225	NAN	
92,613	0,255	-0,02	-0,02	0,255	NAN	
92,707	0,24	-0,015	-0,015	0,24	NAN	
92,816	0,24	-0,01	-0,01	0,24	NAN	
92,91	0,255	-0,02	-0,02	0,255	NAN	
93,003	0,24	-0,01	-0,01	0,24	NAN	
93,113	0,24	-0,015	-0,015	0,24	NAN	
93,206	0,24	-0,015	-0,015	0,24	NAN	
93,316	0,24	-0,01	-0,01	0,24	NAN	
93,41	0,24	-0,02	-0,02	0,24	NAN	
93,503	0,24	-0,005	-0,005	0,24	NAN	
93,613	0,24	-0,015	-0,015	0,24	NAN	
93,706	0,24	-0,015	-0,015	0,24	NAN	
93,816	0,24	-0,005	-0,005	0,24	NAN	
93,91	0,24	-0,02	-0,02	0,24	NAN	
94,003	0,24	-0,005	-0,005	0,24	NAN	
94,113	0,24	-0,015	-0,015	0,24	NAN	
94,206	0,24	-0,02	-0,02	0,24	NAN	
94,316	0,24	-0,005	-0,005	0,24	NAN	
94,41	0,24	-0,015	-0,015	0,24	NAN	
94,503	0,24	-0,01	-0,01	0,24	NAN	
94,613	0,24	-0,025	-0,025	0,24	NAN	
94,706	0,24	-0,015	-0,015	0,24	NAN	
94,816	0,24	-0,005	-0,005	0,24	NAN	
94,91	0,24	-0,025	-0,025	0,24	NAN	
95,003	0,24	-0,01	-0,01	0,24	NAN	
95,113	0,24	-0,02	-0,02	0,24	NAN	
95,206	0,24	-0,02	-0,02	0,24	NAN	
95,316	0,24	-0,005	-0,005	0,24	NAN	
95,409	0,24	-0,025	-0,025	0,24	NAN	
95,503	0,24	-0,01	-0,01	0,24	NAN	
95,613	0,24	-0,005	-0,005	0,24	NAN	
95,706	0,24	-0,015	-0,015	0,24	NAN	
95,816	0,24	-0,005	-0,005	0,24	NAN	
95,91	0,24	-0,025	-0,025	0,24	NAN	
96,003	0,24	-0,01	-0,01	0,24	NAN	
96,113	0,24	-0,015	-0,015	0,24	NAN	
96,206	0,24	-0,02	-0,02	0,24	NAN	
96,316	0,24	0	0	0,24	NAN	
96,409	0,24	-0,02	-0,02	0,24	NAN	
96,503	0,255	-0,015	-0,015	0,255	NAN	
96,613	0,24	-0,015	-0,015	0,24	NAN	
96,706	0,24	-0,02	-0,02	0,24	NAN	
96,816	0,24	-0,005	-0,005	0,24	NAN	
96,91	0,24	-0,015	-0,015	0,24	NAN	
97,003	0,255	-0,015	-0,015	0,255	NAN	
97,113	0,24	-0,015	-0,015	0,24	NAN	
97,206	0,24	-0,02	-0,02	0,24	NAN	
97,316	0,24	-0,005	-0,005	0,24	NAN	
97,409	0,24	-0,025	-0,025	0,24	NAN	
97,503	0,24	-0,01	-0,01	0,24	NAN	
97,613	0,24	-0,015	-0,015	0,24	NAN	
97,706	0,24	-0,025	-0,025	0,24	NAN	
97,816	0,255	-0,01	-0,01	0,255	NAN	
97,909	0,24	-0,02	-0,02	0,24	NAN	
98,003	0,24	-0,01	-0,01	0,24	NAN	
98,113	0,24	-0,01	-0,01	0,24	NAN	
98,206	0,24	-0,02	-0,02	0,24	NAN	
98,316	0,24	-0,005	-0,005	0,24	NAN	
98,409	0,24	-0,015	-0,015	0,24	NAN	
98,503	0,24	-0,005	-0,005	0,24	NAN	
98,613	0,24	-0,005	-0,005	0,24	NAN	
98,706	0,24	-0,02	-0,02	0,24	NAN	
98,816	0,24	-0,01	-0,01	0,24	NAN	
98,909	0,24	-0,025	-0,025	0,24	NAN	
99,003	0,24	-0,01	-0,01	0,24	NAN	
99,112	0,24	-0,015	-0,015	0,24	NAN	
99,206	0,24	-0,02	-0,02	0,24	NAN	
99,316	0,24	-0,005	-0,005	0,24	NAN	
99,409	0,24	-0,03	-0,03	0,24	NAN	
99,503	0,24	-0,01	-0,01	0,24	NAN	
99,612	0,24	-0,02	-0,02	0,24	NAN	
99,706	0,24	-0,02	-0,02	0,24	NAN	
99,816	0,24	0	0	0,24	NAN	
99,909	0,24	-0,025	-0,025	0,24	NAN	
100,003	0,255	-0,015	-0,015	0,255	NAN	
100,112	0,24	-0,01	-0,01	0,24	NAN	
100,206	0,24	-0,02	-0,02	0,24	NAN	
100,315	0,24	-0,005	-0,005	0,24	NAN	
100,409	0,255	-0,025	-0,025	0,255	NAN	
100,503	0,24	-0,015	-0,015	0,24	NAN	
100,612	0,24	-0,01	-0,01	0,24	NAN	
100,706	0,24	-0,02	-0,02	0,24	NAN	
100,815	0,24	0	0	0,24	NAN	
100,909	0,24	-0,025	-0,025	0,24	NAN	
101,003	0,24	-0,01	-0,01	0,24	NAN	
101,112	0,24	-0,015	-0,015	0,24	NAN	
101,206	0,24	-0,02	-0,02	0,24	NAN	
101,315	0,24	-0,005	-0,005	0,24	NAN	
101,409	0,24	-0,02	-0,02	0,24	NAN	
101,503	0,24	-0,02	-0,02	0,24	NAN	
101,612	0,24	-0,01	-0,01	0,24	NAN	
101,706	0,24	-0,02	-0,02	0,24	NAN	
101,815	0,24	-0,01	-0,01	0,24	NAN	
101,909	0,255	-0,02	-0,02	0,255	NAN	
102,003	0,24	-0,02	-0,02	0,24	NAN	
102,112	0,24	-0,01	-0,01	0,24	NAN	
102,206	0,24	-0,02	-0,02	0,24	NAN	
102,315	0,24	-0,01	-0,01	0,24	NAN	
102,409	0,24	-0,02	-0,02	0,24	NAN	
102,503	0,24	-0,01	-0,01	0,24	NAN	
102,612	0,24	-0,01	-0,01	0,24	NAN	
102,706	0,24	-0,025	-0,025	0,24	NAN	
102,815	0,24	-0,005	-0,005	0,24	NAN	
102,909	0,24	-0,025	-0,025	0,24	NAN	
103,003	0,24	-0,015	-0,015	0,24	NAN	
103,112	0,24	-0,01	-0,01	0,24	NAN	
103,206	0,255	-0,02	-0,02	0,255	NAN	
103,315	0,24	-0,005	-0,005	0,24	NAN	
103,409	0,24	-0,015	-0,015	0,24	NAN	
103,503	0,255	-0,015	-0,015	0,255	NAN	
103,612	0,24	-0,01	-0,01	0,24	NAN	
103,706	0,24	-0,02	-0,02	0,24	NAN	
103,815	0,225	-0,005	-0,005	0,225	NAN	
103,909	0,24	-0,025	-0,025	0,24	NAN	
104,003	0,24	-0,02	-0,02	0,24	NAN	
104,112	0,24	-0,005	-0,005	0,24	NAN	
104,206	0,24	-0,025	-0,025	0,24	NAN	
104,315	0,24	-0,005	-0,005	0,24	NAN	
104,409	0,24	-0,02	-0,02	0,24	NAN	
104,503	0,255	-0,015	-0,015	0,255	NAN	
104,612	0,24	-0,005	-0,005	0,24	NAN	
104,706	0,24	-0,02	-0,02	0,24	NAN	
104,815	0,24	-0,005	-0,005	0,24	NAN	
104,909	0,24	-0,015	-0,015	0,24	NAN	
105,003	0,24	-0,01	-0,01	0,24	NAN	
105,112	0,24	-0,01	-0,01	0,24	NAN	
105,206	0,24	-0,02	-0,02	0,24	NAN	
105,315	0,24	-0,01	-0,01	0,24	NAN	
105,409	0,24	-0,02	-0,02	0,24	NAN	
105,503	0,24	-0,015	-0,015	0,24	NAN	
105,612	0,24	-0,01	-0,01	0,24	NAN	
105,706	0,24	-0,025	-0,025	0,24	NAN	
105,815	0,24	0	0	0,24	NAN	
105,909	0,255	-0,015	-0,015	0,255	NAN	
106,003	0,24	-0,02	-0,02	0,24	NAN	
106,112	0,24	0	0	0,24	NAN	
106,206	0,24	-0,02	-0,02	0,24	NAN	
106,315	0,24	-0,01	-0,01	0,24	NAN	
106,409	0,24	-0,015	-0,015	0,24	NAN	
106,503	0,24	-0,02	-0,02	0,24	NAN	
106,612	0,24	-0,01	-0,01	0,24	NAN	
106,706	0,24	-0,02	-0,02	0,24	NAN	
106,815	0,24	-0,005	-0,005	0,24	NAN	
106,909	0,255	-0,025	-0,025	0,255	NAN	
107,003	0,255	-0,02	-0,02	0,255	NAN	
107,112	0,24	-0,005	-0,005	0,24	NAN	
107,206	0,255	-0,025	-0,025	0,255	NAN	
107,315	0,24	-0,005	-0,005	0,24	NAN	
107,409	0,24	-0,02	-0,02	0,24	NAN	
107,503	0,24	-0,02	-0,02	0,24	NAN	
107,612	0,24	-0,005	-0,005	0,24	NAN	
107,706	0,24	-0,025	-0,025	0,24	NAN	
107,815	0,24	-0,01	-0,01	0,24	NAN	
107,909	0,255	-0,015	-0,015	0,255	NAN	
108,003	0,24	-0,02	-0,02	0,24	NAN	
108,112	0,24	-0,005	-0,005	0,24	NAN	
108,206	0,24	-0,025	-0,025	0,24	NAN	
108,315	0,24	-0,01	-0,01	0,24	NAN	
108,409	0,24	-0,015	-0,015	0,24	NAN	
108,503	0,24	-0,02	-0,02	0,24	NAN	
108,612	0,24	-0,005	-0,005	0,24	NAN	
108,706	0,24	-0,02	-0,02	0,24	NAN	
108,815	0,24	-0,01	-0,01	0,24	NAN	
108,909	0,255	-0,02	-0,02	0,255	NAN	
109,003	0,24	-0,02	-0,02	0,24	NAN	
109,112	0,24	-0,01	-0,01	0,24	NAN	
109,206	0,24	-0,025	-0,025	0,24	NAN	
109,315	0,24	-0,01	-0,01	0,24	NAN	
109,409	0,24	-0,015	-0,015	0,24	NAN	
109,503	0,24	-0,025	-0,025	0,24	NAN	
109,612	0,24	0	0	0,24	NAN	
109,706	0,24	-0,02	-0,02	0,24	NAN	
109,815	0,24	-0,01	-0,01	0,24	NAN	
109,909	0,24	-0,015	-0,015	0,24	NAN	
110,002	0,24	-0,02	-0,02	0,24	NAN	
110,112	0,24	-0,005	-0,005	0,24	NAN	
110,206	0,24	-0,025	-0,025	0,24	NAN	
110,315	0,24	-0,005	-0,005	0,24	NAN	
110,409	0,24	-0,015	-0,015	0,24	NAN	
110,502	0,24	-0,02	-0,02	0,24	NAN	
110,612	0,24	-0,005	-0,005	0,24	NAN	
110,706	0,24	-0,02	-0,02	0,24	NAN	
110,815	0,24	-0,015	-0,015	0,24	NAN	
110,909	0,255	-0,01	-0,01	0,255	NAN	
111,002	0,24	-0,02	-0,02	0,24	NAN	
111,112	0,225	-0,01	-0,01	0,225	NAN	
111,206	0,24	-0,02	-0,02	0,24	NAN	
111,315	0,255	-0,015	-0,015	0,255	NAN	
111,409	0,24	-0,01	-0,01	0,24	NAN	
111,502	0,24	-0,025	-0,025	0,24	NAN	
111,612	0,24	-0,01	-0,01	0,24	NAN	
111,706	0,24	-0,02	-0,02	0,24	NAN	
111,815	0,24	-0,015	-0,015	0,24	NAN	
111,909	0,255	-0,015	-0,015	0,255	NAN	
112,002	0,24	-0,02	-0,02	0,24	NAN	
112,112	0,24	-0,005	-0,005	0,24	NAN	
112,205	0,24	-0,015	-0,015	0,24	NAN	
112,315	0,24	0	0	0,24	NAN	
112,409	0,24	-0,01	-0,01	0,24	NAN	
112,502	0,24	-0,02	-0,02	0,24	NAN	
112,612	0,24	-0,005	-0,005	0,24	NAN	
112,705	0,24	-0,015	-0,015	0,24	NAN	
112,815	0,255	-0,01	-0,01	0,255	NAN	
112,909	0,24	-0,005	-0,005	0,24	NAN	
113,002	0,24	-0,03	-0,03	0,24	NAN	
113,112	0,24	-0,005	-0,005	0,24	NAN	
113,205	0,24	-0,015	-0,015	0,24	NAN	
113,315	0,24	-0,015	-0,015	0,24	NAN	
113,409	0,24	0	0	0,24	NAN	
113,502	0,24	-0,02	-0,02	0,24	NAN	
113,612	0,24	-0,01	-0,01	0,24	NAN	
113,705	0,255	-0,02	-0,02	0,255	NAN	
113,815	0,24	-0,015	-0,015	0,24	NAN	
113,909	0,24	-0,005	-0,005	0,24	NAN	
114,002	0,24	-0,025	-0,025	0,24	NAN	
114,112	0,24	-0,01	-0,01	0,24	NAN	
114,205	0,24	-0,015	-0,015	0,24	NAN	
114,315	0,255	-0,01	-0,01	0,255	NAN	
114,408	0,24	-0,005	-0,005	0,24	NAN	
114,502	0,24	-0,015	-0,015	0,24	NAN	
114,612	0,24	-0,01	-0,01	0,24	NAN	
114,705	0,24	-0,01	-0,01	0,24	NAN	
114,815	0,24	-0,015	-0,015	0,24	NAN	
114,908	0,24	-0,01	-0,01	0,24	NAN	
115,002	0,255	-0,02	-0,02	0,255	NAN	
115,112	0,24	-0,005	-0,005	0,24	NAN	
115,205	0,24	-0,02	-0,02	0,24	NAN	
115,315	0,255	-0,01	-0,01	0,255	NAN	
115,408	0,24	-0,01	-0,01	0,24	NAN	
115,502	0,255	-0,02	-0,02	0,255	NAN	
115,612	0,24	-0,01	-0,01	0,24	NAN	
115,705	0,255	-0,01	-0,01	0,255	NAN	
115,815	0,24	-0,01	-0,01	0,24	NAN	
115,909	0,24	0	0	0,24	NAN	
116,002	0,24	-0,025	-0,025	0,24	NAN	
116,112	0,24	-0,005	-0,005	0,24	NAN	
116,205	0,24	-0,01	-0,01	0,24	NAN	
116,315	0,24	-0,01	-0,01	0,24	NAN	
116,408	0,24	-0,005	-0,005	0,24	NAN	
116,502	0,24	-0,02	-0,02	0,24	NAN	
116,612	0,24	-0,005	-0,005	0,24	NAN	
116,705	0,24	-0,015	-0,015	0,24	NAN	
116,815	0,24	-0,01	-0,01	0,24	NAN	
116,908	0,24	-0,005	-0,005	0,24	NAN	
117,002	0,24	-0,025	-0,025	0,24	NAN	
117,111	0,24	-0,005	-0,005	0,24	NAN	
117,205	0,255	-0,02	-0,02	0,255	NAN	
117,315	0,24	-0,01	-0,01	0,24	NAN	
117,408	0,24	-0,005	-0,005	0,24	NAN	
117,502	0,24	-0,02	-0,02	0,24	NAN	
117,611	0,24	-0,005	-0,005	0,24	NAN	
117,705	0,24	-0,02	-0,02	0,24	NAN	
117,815	0,24	-0,01	-0,01	0,24	NAN	
117,908	0,24	-0,01	-0,01	0,24	NAN	
118,002	0,24	-0,02	-0,02	0,24	NAN	
118,111	0,24	-0,005	-0,005	0,24	NAN	
118,205	0,255	-0,02	-0,02	0,255	NAN	
118,315	0,24	-0,01	-0,01	0,24	NAN	
118,408	0,24	-0,01	-0,01	0,24	NAN	
118,502	0,24	-0,025	-0,025	0,24	NAN	
118,611	0,24	-0,005	-0,005	0,24	NAN	
118,705	0,24	-0,02	-0,02	0,24	NAN	
118,815	0,24	-0,015	-0,015	0,24	NAN	
118,908	0,24	-0,005	-0,005	0,24	NAN	
119,002	0,24	-0,02	-0,02	0,24	NAN	
119,111	0,24	-0,01	-0,01	0,24	NAN	
119,205	0,24	-0,02	-0,02	0,24	NAN	
119,314	0,255	0	0	0,255	NAN	
119,408	0,24	-0,01	-0,01	0,24	NAN	
119,502	0,24	-0,02	-0,02	0,24	NAN	
119,611	0,24	-0,005	-0,005	0,24	NAN	
119,705	0,24	-0,02	-0,02	0,24	NAN	
119,814	0,24	-0,01	-0,01	0,24	NAN	
119,908	0,24	-0,01	-0,01	0,24	NAN	
120,002	0,24	-0,02	-0,02	0,24	NAN	
120,111	0,24	-0,005	-0,005	0,24	NAN	
120,205	0,255	-0,015	-0,015	0,255	NAN	
120,314	0,24	-0,01	-0,01	0,24	NAN	
120,408	0,24	-0,01	-0,01	0,24	NAN	
120,502	0,24	-0,02	-0,02	0,24	NAN	
120,611	0,24	0	0	0,24	NAN	
120,705	0,255	-0,02	-0,02	0,255	NAN	
120,814	0,24	-0,01	-0,01	0,24	NAN	
120,908	0,24	-0,01	-0,01	0,24	NAN	
121,002	0,24	-0,02	-0,02	0,24	NAN	
121,111	0,24	-0,005	-0,005	0,24	NAN	
121,205	0,24	-0,02	-0,02	0,24	NAN	
121,314	0,24	-0,01	-0,01	0,24	NAN	
121,408	0,24	-0,01	-0,01	0,24	NAN	
121,502	0,24	-0,02	-0,02	0,24	NAN	
121,611	0,24	-0,005	-0,005	0,24	NAN	
121,705	0,24	-0,025	-0,025	0,24	NAN	
121,814	0,24	-0,01	-0,01	0,24	NAN	
121,908	0,24	-0,015	-0,015	0,24	NAN	
122,002	0,24	-0,02	-0,02	0,24	NAN	
122,111	0,24	0	0	0,24	NAN	
122,205	0,24	-0,02	-0,02	0,24	NAN	
122,314	0,24	-0,015	-0,015	0,24	NAN	
122,408	0,24	-0,01	-0,01	0,24	NAN	
122,502	0,24	-0,02	-0,02	0,24	NAN	
122,611	0,24	-0,01	-0,01	0,24	NAN	
122,705	0,24	-0,015	-0,015	0,24	NAN	
122,814	0,24	-0,005	-0,005	0,24	NAN	
122,908	0,255	-0,01	-0,01	0,255	NAN	
123,002	0,24	-0,02	-0,02	0,24	NAN	
123,111	0,255	-0,005	-0,005	0,255	NAN	
123,205	0,255	-0,02	-0,02	0,255	NAN	
123,314	0,255	-0,005	-0,005	0,255	NAN	
123,408	0,24	-0,01	-0,01	0,24	NAN	
123,502	0,24	-0,02	-0,02	0,24	NAN	
123,611	0,24	0	0	0,24	NAN	
123,705	0,24	-0,02	-0,02	0,24	NAN	
123,814	0,24	-0,005	-0,005	0,24	NAN	
123,908	0,24	-0,015	-0,015	0,24	NAN	
124,002	0,24	-0,02	-0,02	0,24	NAN	
124,111	0,24	-0,005	-0,005	0,24	NAN	
124,205	0,24	-0,025	-0,025	0,24	NAN	
124,314	0,24	-0,005	-0,005	0,24	NAN	
124,408	0,24	-0,015	-0,015	0,24	NAN	
124,502	0,24	-0,015	-0,015	0,24	NAN	
124,611	0,24	-0,005	-0,005	0,24	NAN	
124,705	0,24	-0,03	-0,03	0,24	NAN	
124,814	0,24	-0,01	-0,01	0,24	NAN	
124,908	0,24	-0,015	-0,015	0,24	NAN	
125,002	0,24	-0,02	-0,02	0,24	NAN	
125,111	0,24	0	0	0,24	NAN	
125,205	0,255	-0,015	-0,015	0,255	NAN	
125,314	0,24	-0,005	-0,005	0,24	NAN	
125,408	0,24	-0,015	-0,015	0,24	NAN	
125,502	0,24	-0,02	-0,02	0,24	NAN	
125,611	0,24	-0,01	-0,01	0,24	NAN	
125,705	0,24	-0,02	-0,02	0,24	NAN	
125,814	0,24	-0,005	-0,005	0,24	NAN	
125,908	0,24	-0,015	-0,015	0,24	NAN	
126,002	0,24	-0,015	-0,015	0,24	NAN	
126,111	0,24	-0,005	-0,005	0,24	NAN	
126,205	0,24	-0,025	-0,025	0,24	NAN	
126,314	0,24	-0,01	-0,01	0,24	NAN	
126,408	0,24	-0,015	-0,015	0,24	NAN	
126,502	0,24	-0,015	-0,015	0,24	NAN	
126,611	0,24	-0,01	-0,01	0,24	NAN	
126,705	0,24	-0,025	-0,025	0,24	NAN	
126,814	0,24	-0,005	-0,005	0,24	NAN	
126,908	0,255	-0,015	-0,015	0,255	NAN	
127,002	0,24	-0,01	-0,01	0,24	NAN	
127,111	0,24	-0,01	-0,01	0,24	NAN	
127,205	0,255	-0,03	-0,03	0,255	NAN	
127,314	0,24	-0,005	-0,005	0,24	NAN	
127,408	0,24	-0,02	-0,02	0,24	NAN	
127,502	0,24	-0,015	-0,015	0,24	NAN	
127,611	0,24	-0,01	-0,01	0,24	NAN	
127,705	0,24	-0,02	-0,02	0,24	NAN	
127,814	0,24	-0,005	-0,005	0,24	NAN	
127,908	0,24	-0,015	-0,015	0,24	NAN	
128,002	0,24	-0,02	-0,02	0,24	NAN	
128,111	0,24	0	0	0,24	NAN	
128,205	0,24	-0,02	-0,02	0,24	NAN	
128,314	0,24	-0,01	-0,01	0,24	NAN	
128,408	0,24	-0,02	-0,02	0,24	NAN	
128,502	0,24	-0,015	-0,015	0,24	NAN	
128,611	0,24	-0,005	-0,005	0,24	NAN	
128,705	0,24	-0,025	-0,025	0,24	NAN	
128,814	0,24	-0,005	-0,005	0,24	NAN	
128,908	0,24	-0,02	-0,02	0,24	NAN	
129,002	0,24	-0,015	-0,015	0,24	NAN	
129,111	0,24	-0,01	-0,01	0,24	NAN	
129,205	0,24	-0,02	-0,02	0,24	NAN	
129,314	0,24	-0,005	-0,005	0,24	NAN	
129,408	0,255	-0,02	-0,02	0,255	NAN	
129,501	0,24	-0,015	-0,015	0,24	NAN	
129,611	0,255	-0,005	-0,005	0,255	NAN	
129,705	0,24	-0,025	-0,025	0,24	NAN	
129,814	0,24	-0,01	-0,01	0,24	NAN	
129,908	0,24	-0,015	-0,015	0,24	NAN	
130,001	0,24	-0,02	-0,02	0,24	NAN	
130,111	0,24	-0,01	-0,01	0,24	NAN	
130,205	0,24	-0,025	-0,025	0,24	NAN	
130,314	0,24	-0,005	-0,005	0,24	NAN	
130,408	0,24	-0,02	-0,02	0,24	NAN	
130,501	0,24	-0,02	-0,02	0,24	NAN	
130,611	0,24	0	0	0,24	NAN	
130,705	0,24	-0,025	-0,025	0,24	NAN	
130,814	0,24	-0,005	-0,005	0,24	NAN	
130,908	0,24	-0,015	-0,015	0,24	NAN	
131,001	0,24	-0,015	-0,015	0,24	NAN	
131,111	0,255	-0,005	-0,005	0,255	NAN	
131,205	0,24	-0,025	-0,025	0,24	NAN	
131,314	0,24	0	0	0,24	NAN	
131,408	0,24	-0,015	-0,015	0,24	NAN	
131,501	0,24	-0,015	-0,015	0,24	NAN	
131,611	0,255	-0,01	-0,01	0,255	NAN	
131,704	0,255	-0,025	-0,025	0,255	NAN	
131,814	0,24	-0,01	-0,01	0,24	NAN	
131,908	0,24	-0,02	-0,02	0,24	NAN	
132,001	0,24	-0,015	-0,015	0,24	NAN	
132,111	0,24	-0,01	-0,01	0,24	NAN	
132,204	0,24	-0,025	-0,025	0,24	NAN	
132,314	0,24	-0,005	-0,005	0,24	NAN	
132,408	0,24	-0,015	-0,015	0,24	NAN	
132,501	0,24	-0,02	-0,02	0,24	NAN	
132,611	0,24	-0,005	-0,005	0,24	NAN	
132,704	0,24	-0,02	-0,02	0,24	NAN	
132,814	0,24	-0,01	-0,01	0,24	NAN	
132,908	0,24	-0,02	-0,02	0,24	NAN	
133,001	0,24	-0,015	-0,015	0,24	NAN	
133,111	0,24	0	0	0,24	NAN	
133,204	0,24	-0,025	-0,025	0,24	NAN	
133,314	0,24	-0,005	-0,005	0,24	NAN	
133,408	0,24	-0,015	-0,015	0,24	NAN	
133,501	0,24	-0,015	-0,015	0,24	NAN	
133,611	0,24	-0,005	-0,005	0,24	NAN	
133,704	0,24	-0,02	-0,02	0,24	NAN	
133,814	0,24	-0,01	-0,01	0,24	NAN	
133,908	0,24	-0,015	-0,015	0,24	NAN	
134,001	0,24	-0,025	-0,025	0,24	NAN	
134,111	0,24	-0,005	-0,005	0,24	NAN	
134,204	0,255	-0,025	-0,025	0,255	NAN	
134,314	0,24	-0,01	-0,01	0,24	NAN	
134,407	0,24	-0,015	-0,015	0,24	NAN	
134,501	0,24	-0,02	-0,02	0,24	NAN	
134,611	0,24	-0,005	-0,005	0,24	NAN	
134,704	0,24	-0,02	-0,02	0,24	NAN	
134,814	0,24	-0,01	-0,01	0,24	NAN	
134,908	0,255	-0,005	-0,005	0,255	NAN	
135,001	0,24	-0,02	-0,02	0,24	NAN	
135,111	0,255	-0,005	-0,005	0,255	NAN	
135,204	0,24	-0,02	-0,02	0,24	NAN	
135,314	0,24	-0,015	-0,015	0,24	NAN	
135,407	0,24	-0,015	-0,015	0,24	NAN	
135,501	0,255	-0,015	-0,015	0,255	NAN	
135,611	0,225	-0,005	-0,005	0,225	NAN	
135,704	0,24	-0,02	-0,02	0,24	NAN	
135,814	0,24	-0,01	-0,01	0,24	NAN	
135,907	0,24	-0,015	-0,015	0,24	NAN	
136,001	0,24	-0,025	-0,025	0,24	NAN	
136,111	0,24	0	0	0,24	NAN	
136,204	0,24	-0,03	-0,03	0,24	NAN	
136,314	0,24	-0,01	-0,01	0,24	NAN	
136,407	0,24	-0,01	-0,01	0,24	NAN	
136,501	0,24	-0,025	-0,025	0,24	NAN	
136,61	0,24	-0,01	-0,01	0,24	NAN	
136,704	0,24	-0,025	-0,025	0,24	NAN	
136,814	0,24	-0,015	-0,015	0,24	NAN	
136,907	0,24	-0,015	-0,015	0,24	NAN	
137,001	0,24	-0,025	-0,025	0,24	NAN	
137,11	0,24	-0,005	-0,005	0,24	NAN	
137,204	0,24	-0,025	-0,025	0,24	NAN	
137,314	0,24	-0,01	-0,01	0,24	NAN	
137,407	0,24	-0,01	-0,01	0,24	NAN	
137,501	0,24	-0,02	-0,02	0,24	NAN	
137,61	0,255	-0,01	-0,01	0,255	NAN	
137,704	0,24	-0,02	-0,02	0,24	NAN	
137,814	0,24	-0,015	-0,015	0,24	NAN	
137,907	0,24	0	0	0,24	NAN	
138,001	0,24	-0,02	-0,02	0,24	NAN	
138,11	0,24	-0,005	-0,005	0,24	NAN	
138,204	0,24	-0,015	-0,015	0,24	NAN	
138,314	0,24	-0,02	-0,02	0,24	NAN	
138,407	0,24	-0,01	-0,01	0,24	NAN	
138,501	0,24	-0,02	-0,02	0,24	NAN	
138,61	0,24	-0,01	-0,01	0,24	NAN	
138,704	0,24	-0,02	-0,02	0,24	NAN	
138,813	0,24	-0,015	-0,015	0,24	NAN	
138,907	0,24	-0,005	-0,005	0,24	NAN	
139,001	0,24	-0,02	-0,02	0,24	NAN	
139,11	0,24	-0,01	-0,01	0,24	NAN	
139,204	0,225	-0,01	-0,01	0,225	NAN	
139,313	0,24	-0,015	-0,015	0,24	NAN	
139,407	0,24	-0,005	-0,005	0,24	NAN	
139,501	0,24	-0,025	-0,025	0,24	NAN	
139,61	0,24	-0,005	-0,005	0,24	NAN	
139,704	0,24	-0,015	-0,015	0,24	NAN	
139,813	0,24	-0,02	-0,02	0,24	NAN	
139,907	0,24	-0,005	-0,005	0,24	NAN	
140,001	0,255	-0,025	-0,025	0,255	NAN	
140,11	0,24	0	0	0,24	NAN	
140,204	0,255	-0,01	-0,01	0,255	NAN	
140,313	0,24	-0,015	-0,015	0,24	NAN	
140,407	0,24	-0,01	-0,01	0,24	NAN	
140,501	0,24	-0,02	-0,02	0,24	NAN	
140,61	0,24	-0,005	-0,005	0,24	NAN	
140,704	0,24	-0,01	-0,01	0,24	NAN	
140,813	0,24	-0,015	-0,015	0,24	NAN	
140,907	0,24	-0,01	-0,01	0,24	NAN	
141,001	0,24	-0,02	-0,02	0,24	NAN	
141,11	0,24	-0,01	-0,01	0,24	NAN	
141,204	0,24	-0,01	-0,01	0,24	NAN	
141,313	0,24	-0,015	-0,015	0,24	NAN	
141,407	0,24	-0,015	-0,015	0,24	NAN	
141,501	0,24	-0,02	-0,02	0,24	NAN	
141,61	0,24	-0,01	-0,01	0,24	NAN	
141,704	0,24	-0,015	-0,015	0,24	NAN	
141,813	0,24	-0,02	-0,02	0,24	NAN	
141,907	0,24	-0,005	-0,005	0,24	NAN	
142,001	0,24	-0,025	-0,025	0,24	NAN	
142,102	0,24	-0,015	-0,015	0,24	NAN	
