MIN=0	0	-10	-0,5	0	0	
MAX=40	30	10	5	27	5	
SCALE=10	10	5	1	10	1	
DEC=1	2	2	1	1	3	
DEF="Tiempo" t / s	"Tensión" U_A1 / V	"Tensión" U_B1 / V	"Intensidad" I / u.a.	"Voltaje acelerador" Vac / V	"Frecuencia" f / Hz	
0	0,315	-0,005	-0,005	0,315	NAN	
0,1	0,315	-0,01	-0,01	0,315	NAN	
0,2	0,315	-0,01	-0,01	0,315	NAN	
0,3	0,315	-0,005	-0,005	0,315	NAN	
0,4	0,315	-0,005	-0,005	0,315	NAN	
0,5	0,375	-0,01	-0,01	0,375	NAN	
0,6	0,555	-0,01	-0,01	0,555	NAN	
0,7	0,705	-0,01	-0,01	0,705	NAN	
0,891	1,005	-0,015	-0,015	1,005	NAN	
0,902	1,035	-0,005	-0,005	1,035	NAN	
1	1,185	-0,005	-0,005	1,185	NAN	
1,1	1,335	0	0	1,335	NAN	
1,2	1,5	-0,005	-0,005	1,5	NAN	
1,3	1,665	-0,005	-0,005	1,665	NAN	
1,4	1,815	-0,005	-0,005	1,815	NAN	
1,5	1,965	-0,005	-0,005	1,965	NAN	
1,6	2,115	-0,005	-0,005	2,115	NAN	
1,7	2,265	0	0	2,265	NAN	
1,906	2,595	-0,015	-0,015	2,595	NAN	
1,918	2,61	0	0	2,61	NAN	
2	2,715	-0,005	-0,005	2,715	NAN	
2,1	2,865	0	0	2,865	NAN	
2,2	3,015	-0,005	-0,005	3,015	NAN	
2,3	3,165	0	0	3,165	NAN	
2,4	3,3	0	0	3,3	NAN	
2,5	3,45	0	0	3,45	NAN	
2,6	3,6	-0,005	-0,005	3,6	NAN	
2,7	3,75	0	0	3,75	NAN	
2,922	4,05	-0,005	-0,005	4,05	NAN	
2,933	4,065	0	0	4,065	NAN	
3	4,17	-0,005	-0,005	4,17	NAN	
3,1	4,305	0	0	4,305	NAN	
3,2	4,455	0,005	0,005	4,455	NAN	
3,3	4,59	0	0	4,59	NAN	
3,4	4,725	0,005	0,005	4,725	NAN	
3,5	4,86	0,005	0,005	4,86	NAN	
3,6	5,01	0,005	0,005	5,01	NAN	
3,7	5,145	0,01	0,01	5,145	NAN	
3,922	5,445	0,01	0,01	5,445	NAN	
3,932	5,46	0,015	0,015	5,46	NAN	
4	5,55	0,015	0,015	5,55	NAN	
4,1	5,685	0,015	0,015	5,685	NAN	
4,2	5,82	0,02	0,02	5,82	NAN	
4,3	5,955	0,025	0,025	5,955	NAN	
4,4	6,075	0,025	0,025	6,075	NAN	
4,5	6,21	0,025	0,025	6,21	NAN	
4,6	6,345	0,025	0,025	6,345	NAN	
4,7	6,465	0,025	0,025	6,465	NAN	
4,922	6,765	0,02	0,02	6,765	NAN	
4,932	6,78	0,025	0,025	6,78	NAN	
5	6,855	0,025	0,025	6,855	NAN	
5,1	6,99	0,025	0,025	6,99	NAN	
5,2	7,125	0,02	0,02	7,125	NAN	
5,3	7,245	0,015	0,015	7,245	NAN	
5,4	7,365	0,015	0,015	7,365	NAN	
5,5	7,485	0,015	0,015	7,485	NAN	
5,6	7,62	0,015	0,015	7,62	NAN	
5,7	7,755	0,015	0,015	7,755	NAN	
5,922	8,025	0,015	0,015	8,025	NAN	
5,932	8,04	0,02	0,02	8,04	NAN	
6	8,13	0,025	0,025	8,13	NAN	
6,1	8,235	0,025	0,025	8,235	NAN	
6,2	8,355	0,025	0,025	8,355	NAN	
6,3	8,475	0,035	0,035	8,475	NAN	
6,4	8,595	0,03	0,03	8,595	NAN	
6,5	8,715	0,04	0,04	8,715	NAN	
6,6	8,835	0,035	0,035	8,835	NAN	
6,7	8,955	0,04	0,04	8,955	NAN	
6,937	9,225	0,055	0,055	9,225	NAN	
6,948	9,24	0,05	0,05	9,24	NAN	
7	9,3	0,055	0,055	9,3	NAN	
7,1	9,42	0,055	0,055	9,42	NAN	
7,2	9,54	0,065	0,065	9,54	NAN	
7,3	9,645	0,075	0,075	9,645	NAN	
7,4	9,765	0,085	0,085	9,765	NAN	
7,5	9,87	0,085	0,085	9,87	NAN	
7,6	9,99	0,1	0,1	9,99	NAN	
7,7	10,095	0,105	0,105	10,095	NAN	
7,937	10,365	0,13	0,13	10,365	NAN	
7,948	10,38	0,135	0,135	10,38	NAN	
8	10,425	0,135	0,135	10,425	NAN	
8,1	10,545	0,145	0,145	10,545	NAN	
8,2	10,65	0,165	0,165	10,65	NAN	
8,3	10,77	0,175	0,175	10,77	NAN	
8,4	10,875	0,18	0,18	10,875	NAN	
8,5	10,98	0,185	0,185	10,98	NAN	
8,6	11,085	0,185	0,185	11,085	NAN	
8,7	11,19	0,175	0,175	11,19	NAN	
8,937	11,445	0,16	0,16	11,445	NAN	
8,948	11,46	0,15	0,15	11,46	NAN	
9	11,505	0,155	0,155	11,505	NAN	
9,1	11,61	0,145	0,145	11,61	NAN	
9,2	11,73	0,13	0,13	11,73	NAN	
9,3	11,835	0,12	0,12	11,835	NAN	
9,4	11,925	0,115	0,115	11,925	NAN	
9,5	12,03	0,1	0,1	12,03	NAN	
9,6	12,135	0,095	0,095	12,135	NAN	
9,7	12,24	0,095	0,095	12,24	NAN	
9,937	12,48	0,075	0,075	12,48	NAN	
9,948	12,495	0,08	0,08	12,495	NAN	
10	12,54	0,085	0,085	12,54	NAN	
10,1	12,645	0,08	0,08	12,645	NAN	
10,2	12,75	0,08	0,08	12,75	NAN	
10,3	12,84	0,09	0,09	12,84	NAN	
10,4	12,945	0,085	0,085	12,945	NAN	
10,5	13,035	0,09	0,09	13,035	NAN	
10,6	13,125	0,095	0,095	13,125	NAN	
10,7	13,23	0,1	0,1	13,23	NAN	
10,937	13,455	0,105	0,105	13,455	NAN	
10,948	13,47	0,125	0,125	13,47	NAN	
11	13,515	0,12	0,12	13,515	NAN	
11,1	13,62	0,135	0,135	13,62	NAN	
11,2	13,71	0,145	0,145	13,71	NAN	
11,3	13,8	0,155	0,155	13,8	NAN	
11,4	13,905	0,165	0,165	13,905	NAN	
11,5	13,98	0,17	0,17	13,98	NAN	
11,6	14,085	0,19	0,19	14,085	NAN	
11,7	14,175	0,205	0,205	14,175	NAN	
11,937	14,385	0,23	0,23	14,385	NAN	
11,948	14,4	0,235	0,235	14,4	NAN	
12	14,445	0,245	0,245	14,445	NAN	
12,1	14,535	0,265	0,265	14,535	NAN	
12,2	14,625	0,275	0,275	14,625	NAN	
12,3	14,715	0,29	0,29	14,715	NAN	
12,4	14,805	0,315	0,315	14,805	NAN	
12,5	14,91	0,34	0,34	14,91	NAN	
12,6	14,985	0,355	0,355	14,985	NAN	
12,7	15,075	0,375	0,375	15,075	NAN	
12,937	15,285	0,415	0,415	15,285	NAN	
12,948	15,3	0,43	0,43	15,3	NAN	
13	15,345	0,445	0,445	15,345	NAN	
13,1	15,435	0,465	0,465	15,435	NAN	
13,2	15,525	0,495	0,495	15,525	NAN	
13,3	15,6	0,51	0,51	15,6	NAN	
13,4	15,69	0,535	0,535	15,69	NAN	
13,5	15,78	0,55	0,55	15,78	NAN	
13,6	15,855	0,55	0,55	15,855	NAN	
13,7	15,945	0,555	0,555	15,945	NAN	
13,937	16,14	0,525	0,525	16,14	NAN	
13,948	16,155	0,54	0,54	16,155	NAN	
14	16,2	0,535	0,535	16,2	NAN	
14,1	16,275	0,515	0,515	16,275	NAN	
14,2	16,365	0,505	0,505	16,365	NAN	
14,3	16,44	0,49	0,49	16,44	NAN	
14,4	16,53	0,46	0,46	16,53	NAN	
14,5	16,605	0,44	0,44	16,605	NAN	
14,6	16,68	0,42	0,42	16,68	NAN	
14,7	16,77	0,4	0,4	16,77	NAN	
14,937	16,95	0,335	0,335	16,95	NAN	
14,948	16,965	0,35	0,35	16,965	NAN	
15	16,995	0,34	0,34	16,995	NAN	
15,1	17,07	0,32	0,32	17,07	NAN	
15,2	17,16	0,31	0,31	17,16	NAN	
15,3	17,235	0,3	0,3	17,235	NAN	
15,4	17,325	0,295	0,295	17,325	NAN	
15,5	17,385	0,28	0,28	17,385	NAN	
15,6	17,475	0,275	0,275	17,475	NAN	
15,7	17,55	0,265	0,265	17,55	NAN	
15,937	17,73	0,265	0,265	17,73	NAN	
15,948	17,73	0,275	0,275	17,73	NAN	
16	17,775	0,28	0,28	17,775	NAN	
16,1	17,85	0,28	0,28	17,85	NAN	
16,2	17,925	0,285	0,285	17,925	NAN	
16,3	18	0,295	0,295	18	NAN	
16,4	18,075	0,295	0,295	18,075	NAN	
16,5	18,15	0,305	0,305	18,15	NAN	
16,6	18,225	0,32	0,32	18,225	NAN	
16,7	18,3	0,335	0,335	18,3	NAN	
16,937	18,48	0,35	0,35	18,48	NAN	
16,948	18,48	0,365	0,365	18,48	NAN	
17	18,51	0,375	0,375	18,51	NAN	
17,1	18,57	0,385	0,385	18,57	NAN	
17,2	18,645	0,4	0,4	18,645	NAN	
17,3	18,735	0,415	0,415	18,735	NAN	
17,4	18,795	0,43	0,43	18,795	NAN	
17,5	18,87	0,45	0,45	18,87	NAN	
17,6	18,945	0,465	0,465	18,945	NAN	
17,7	19,005	0,495	0,495	19,005	NAN	
17,937	19,17	0,535	0,535	19,17	NAN	
17,947	19,185	0,555	0,555	19,185	NAN	
18	19,2	0,56	0,56	19,2	NAN	
18,1	19,275	0,58	0,58	19,275	NAN	
18,2	19,35	0,605	0,605	19,35	NAN	
18,3	19,41	0,625	0,625	19,41	NAN	
18,4	19,485	0,65	0,65	19,485	NAN	
18,5	19,545	0,67	0,67	19,545	NAN	
18,6	19,62	0,7	0,7	19,62	NAN	
18,7	19,695	0,73	0,73	19,695	NAN	
18,937	19,845	0,8	0,8	19,845	NAN	
18,948	19,845	0,815	0,815	19,845	NAN	
19	19,89	0,82	0,82	19,89	NAN	
19,1	19,95	0,86	0,86	19,95	NAN	
19,2	20,01	0,895	0,895	20,01	NAN	
19,3	20,085	0,93	0,93	20,085	NAN	
19,4	20,145	0,96	0,96	20,145	NAN	
19,5	20,205	1	1	20,205	NAN	
19,6	20,265	1,03	1,03	20,265	NAN	
19,7	20,325	1,07	1,07	20,325	NAN	
19,937	20,475	1,145	1,145	20,475	NAN	
19,948	20,49	1,16	1,16	20,49	NAN	
20	20,52	1,165	1,165	20,52	NAN	
20,1	20,58	1,19	1,19	20,58	NAN	
20,2	20,64	1,21	1,21	20,64	NAN	
20,3	20,7	1,225	1,225	20,7	NAN	
20,4	20,76	1,235	1,235	20,76	NAN	
20,5	20,82	1,25	1,25	20,82	NAN	
20,6	20,895	1,255	1,255	20,895	NAN	
20,7	20,955	1,255	1,255	20,955	NAN	
20,936	21,09	1,245	1,245	21,09	NAN	
20,948	21,105	1,255	1,255	21,105	NAN	
21	21,12	1,24	1,24	21,12	NAN	
21,1	21,195	1,24	1,24	21,195	NAN	
21,2	21,255	1,225	1,225	21,255	NAN	
21,3	21,3	1,2	1,2	21,3	NAN	
21,4	21,36	1,195	1,195	21,36	NAN	
21,5	21,42	1,17	1,17	21,42	NAN	
21,6	21,48	1,15	1,15	21,48	NAN	
21,7	21,54	1,12	1,12	21,54	NAN	
21,936	21,675	1,065	1,065	21,675	NAN	
21,948	21,675	1,07	1,07	21,675	NAN	
22	21,705	1,045	1,045	21,705	NAN	
22,1	21,78	1,025	1,025	21,78	NAN	
22,2	21,825	1,01	1,01	21,825	NAN	
22,3	21,885	0,98	0,98	21,885	NAN	
22,4	21,93	0,965	0,965	21,93	NAN	
22,5	21,99	0,94	0,94	21,99	NAN	
22,6	22,05	0,915	0,915	22,05	NAN	
22,7	22,095	0,9	0,9	22,095	NAN	
22,936	22,23	0,86	0,86	22,23	NAN	
22,948	22,23	0,855	0,855	22,23	NAN	
23	22,26	0,835	0,835	22,26	NAN	
23,1	22,32	0,83	0,83	22,32	NAN	
23,2	22,38	0,815	0,815	22,38	NAN	
23,3	22,425	0,81	0,81	22,425	NAN	
23,4	22,485	0,8	0,8	22,485	NAN	
23,5	22,545	0,81	0,81	22,545	NAN	
23,6	22,59	0,795	0,795	22,59	NAN	
23,7	22,635	0,795	0,795	22,635	NAN	
23,936	22,77	0,795	0,795	22,77	NAN	
23,947	22,77	0,8	0,8	22,77	NAN	
24	22,8	0,8	0,8	22,8	NAN	
24,1	22,845	0,8	0,8	22,845	NAN	
24,2	22,905	0,81	0,81	22,905	NAN	
24,3	22,95	0,815	0,815	22,95	NAN	
24,4	22,995	0,825	0,825	22,995	NAN	
24,5	23,055	0,84	0,84	23,055	NAN	
24,6	23,1	0,855	0,855	23,1	NAN	
24,7	23,16	0,87	0,87	23,16	NAN	
24,936	23,265	0,91	0,91	23,265	NAN	
24,947	23,28	0,91	0,91	23,28	NAN	
25	23,31	0,915	0,915	23,31	NAN	
25,1	23,355	0,935	0,935	23,355	NAN	
25,2	23,415	0,955	0,955	23,415	NAN	
25,3	23,445	0,98	0,98	23,445	NAN	
25,4	23,505	1,005	1,005	23,505	NAN	
25,5	23,55	1,03	1,03	23,55	NAN	
25,6	23,595	1,06	1,06	23,595	NAN	
25,7	23,655	1,075	1,075	23,655	NAN	
25,936	23,76	1,175	1,175	23,76	NAN	
25,947	23,76	1,175	1,175	23,76	NAN	
26	23,79	1,19	1,19	23,79	NAN	
26,1	23,835	1,21	1,21	23,835	NAN	
26,2	23,88	1,245	1,245	23,88	NAN	
26,3	23,925	1,285	1,285	23,925	NAN	
26,4	23,97	1,315	1,315	23,97	NAN	
26,5	24,03	1,355	1,355	24,03	NAN	
26,6	24,075	1,385	1,385	24,075	NAN	
26,7	24,12	1,43	1,43	24,12	NAN	
26,936	24,225	1,54	1,54	24,225	NAN	
26,947	24,225	1,54	1,54	24,225	NAN	
27	24,255	1,565	1,565	24,255	NAN	
27,1	24,3	1,61	1,61	24,3	NAN	
27,2	24,345	1,66	1,66	24,345	NAN	
27,3	24,39	1,715	1,715	24,39	NAN	
27,4	24,435	1,76	1,76	24,435	NAN	
27,5	24,465	1,825	1,825	24,465	NAN	
27,6	24,51	1,875	1,875	24,51	NAN	
27,7	24,57	1,935	1,935	24,57	NAN	
27,936	24,675	2,085	2,085	24,675	NAN	
27,947	24,675	2,085	2,085	24,675	NAN	
28	24,69	2,12	2,12	24,69	NAN	
28,1	24,735	2,175	2,175	24,735	NAN	
28,2	24,78	2,24	2,24	24,78	NAN	
28,3	24,825	2,305	2,305	24,825	NAN	
28,4	24,87	2,37	2,37	24,87	NAN	
28,5	24,915	2,435	2,435	24,915	NAN	
28,6	24,945	2,49	2,49	24,945	NAN	
28,7	24,99	2,56	2,56	24,99	NAN	
28,936	25,08	2,705	2,705	25,08	NAN	
28,946	25,08	2,705	2,705	25,08	NAN	
29	25,11	2,735	2,735	25,11	NAN	
29,1	25,155	2,795	2,795	25,155	NAN	
29,2	25,185	2,855	2,855	25,185	NAN	
29,3	25,245	2,915	2,915	25,245	NAN	
29,4	25,275	2,98	2,98	25,275	NAN	
29,5	25,305	3,03	3,03	25,305	NAN	
29,6	25,35	3,085	3,085	25,35	NAN	
29,7	25,395	3,14	3,14	25,395	NAN	
29,936	25,485	3,235	3,235	25,485	NAN	
29,947	25,485	3,23	3,23	25,485	NAN	
30	25,515	3,25	3,25	25,515	NAN	
30,1	25,545	3,285	3,285	25,545	NAN	
30,2	25,59	3,32	3,32	25,59	NAN	
30,3	25,635	3,355	3,355	25,635	NAN	
30,4	25,665	3,375	3,375	25,665	NAN	
30,5	25,71	3,41	3,41	25,71	NAN	
30,6	25,74	3,43	3,43	25,74	NAN	
30,7	25,785	3,455	3,455	25,785	NAN	
30,936	25,875	3,495	3,495	25,875	NAN	
30,947	25,89	3,495	3,495	25,89	NAN	
31	25,89	3,505	3,505	25,89	NAN	
31,1	25,935	3,52	3,52	25,935	NAN	
31,2	25,965	3,53	3,53	25,965	NAN	
31,3	26,01	3,54	3,54	26,01	NAN	
31,4	26,04	3,55	3,55	26,04	NAN	
31,5	26,085	3,555	3,555	26,085	NAN	
31,6	26,115	3,55	3,55	26,115	NAN	
31,7	26,145	3,555	3,555	26,145	NAN	
31,936	26,235	3,55	3,55	26,235	NAN	
31,946	26,25	3,54	3,54	26,25	NAN	
32	26,265	3,54	3,54	26,265	NAN	
32,1	26,295	3,535	3,535	26,295	NAN	
32,2	26,34	3,525	3,525	26,34	NAN	
32,3	26,37	3,515	3,515	26,37	NAN	
32,4	26,4	3,495	3,495	26,4	NAN	
32,5	26,445	3,48	3,48	26,445	NAN	
32,6	26,475	3,465	3,465	26,475	NAN	
32,7	26,52	3,45	3,45	26,52	NAN	
32,936	26,595	3,415	3,415	26,595	NAN	
32,946	26,595	3,41	3,41	26,595	NAN	
33	26,61	3,4	3,4	26,61	NAN	
33,1	26,64	3,39	3,39	26,64	NAN	
33,2	26,685	3,37	3,37	26,685	NAN	
33,3	26,715	3,35	3,35	26,715	NAN	
33,4	26,745	3,335	3,335	26,745	NAN	
33,5	26,775	3,325	3,325	26,775	NAN	
33,6	26,82	3,31	3,31	26,82	NAN	
33,7	26,85	3,295	3,295	26,85	NAN	
33,936	26,925	3,255	3,255	26,925	NAN	
33,946	26,925	3,245	3,245	26,925	NAN	
34	26,955	3,24	3,24	26,955	NAN	
34,1	26,97	3,22	3,22	26,97	NAN	
34,2	27,015	3,205	3,205	27,015	NAN	
34,3	27,045	3,185	3,185	27,045	NAN	
34,4	27,075	3,17	3,17	27,075	NAN	
34,5	27,12	3,155	3,155	27,12	NAN	
34,6	27,135	3,14	3,14	27,135	NAN	
34,7	27,165	3,125	3,125	27,165	NAN	
34,936	27,24	3,1	3,1	27,24	NAN	
34,946	27,255	3,095	3,095	27,255	NAN	
35	27,27	3,085	3,085	27,27	NAN	
35,1	27,3	3,09	3,09	27,3	NAN	
35,2	27,33	3,085	3,085	27,33	NAN	
35,3	27,36	3,075	3,075	27,36	NAN	
35,4	27,39	3,07	3,07	27,39	NAN	
35,5	27,42	3,07	3,07	27,42	NAN	
35,6	27,45	3,07	3,07	27,45	NAN	
35,7	27,48	3,065	3,065	27,48	NAN	
35,936	27,54	3,08	3,08	27,54	NAN	
35,946	27,57	3,075	3,075	27,57	NAN	
36	27,57	3,075	3,075	27,57	NAN	
36,1	27,615	3,085	3,085	27,615	NAN	
36,2	26,655	3,085	3,085	26,655	NAN	
36,3	16,635	2,7	2,7	16,635	NAN	
36,4	10,515	1,31	1,31	10,515	NAN	
36,5	6,72	0,265	0,265	6,72	NAN	
36,6	4,365	-0,09	-0,09	4,365	NAN	
36,7	2,91	-0,115	-0,115	2,91	NAN	
36,936	1,245	-0,025	-0,025	1,245	NAN	
36,946	1,2	-0,04	-0,04	1,2	NAN	
37	1,02	-0,02	-0,02	1,02	NAN	
37,1	0,78	-0,015	-0,015	0,78	NAN	
37,2	0,645	-0,015	-0,015	0,645	NAN	
37,3	0,54	-0,01	-0,01	0,54	NAN	
37,4	0,48	-0,01	-0,01	0,48	NAN	
0	0,33	-0,015	-0,015	0,33	NAN	
0,11	0,33	0	0	0,33	NAN	
0,204	0,33	-0,025	-0,025	0,33	NAN	
0,313	0,33	-0,005	-0,005	0,33	NAN	
0,407	0,33	-0,025	-0,025	0,33	NAN	
0,501	0,33	-0,02	-0,02	0,33	NAN	
0,61	0,33	-0,005	-0,005	0,33	NAN	
0,704	0,315	-0,02	-0,02	0,315	NAN	
0,813	0,33	-0,005	-0,005	0,33	NAN	
0,907	0,33	-0,02	-0,02	0,33	NAN	
1,001	0,315	-0,01	-0,01	0,315	NAN	
1,11	0,315	-0,005	-0,005	0,315	NAN	
1,204	0,33	-0,02	-0,02	0,33	NAN	
1,313	0,315	-0,005	-0,005	0,315	NAN	
1,407	0,33	-0,02	-0,02	0,33	NAN	
1,501	0,315	-0,015	-0,015	0,315	NAN	
1,61	0,315	-0,005	-0,005	0,315	NAN	
1,704	0,315	-0,02	-0,02	0,315	NAN	
1,813	0,33	0	0	0,33	NAN	
1,907	0,315	-0,015	-0,015	0,315	NAN	
2,001	0,33	-0,02	-0,02	0,33	NAN	
2,11	0,33	-0,005	-0,005	0,33	NAN	
2,204	0,33	-0,02	-0,02	0,33	NAN	
2,313	0,315	-0,005	-0,005	0,315	NAN	
2,407	0,315	-0,025	-0,025	0,315	NAN	
2,501	0,315	-0,015	-0,015	0,315	NAN	
2,61	0,315	-0,005	-0,005	0,315	NAN	
2,704	0,315	-0,025	-0,025	0,315	NAN	
2,813	0,315	-0,005	-0,005	0,315	NAN	
2,907	0,315	-0,02	-0,02	0,315	NAN	
3,001	0,315	-0,015	-0,015	0,315	NAN	
3,11	0,33	-0,01	-0,01	0,33	NAN	
3,204	0,315	-0,02	-0,02	0,315	NAN	
3,313	0,315	-0,005	-0,005	0,315	NAN	
3,407	0,33	-0,02	-0,02	0,33	NAN	
3,5	0,33	-0,01	-0,01	0,33	NAN	
3,61	0,315	-0,01	-0,01	0,315	NAN	
3,704	0,315	-0,02	-0,02	0,315	NAN	
3,813	0,315	0	0	0,315	NAN	
3,907	0,315	-0,02	-0,02	0,315	NAN	
4	0,315	-0,015	-0,015	0,315	NAN	
4,11	0,315	-0,015	-0,015	0,315	NAN	
4,204	0,315	-0,025	-0,025	0,315	NAN	
4,313	0,33	-0,005	-0,005	0,33	NAN	
4,407	0,315	-0,02	-0,02	0,315	NAN	
4,5	0,315	-0,02	-0,02	0,315	NAN	
4,61	0,33	-0,01	-0,01	0,33	NAN	
4,704	0,315	-0,025	-0,025	0,315	NAN	
4,813	0,315	0	0	0,315	NAN	
4,907	0,33	-0,02	-0,02	0,33	NAN	
5	0,315	-0,015	-0,015	0,315	NAN	
5,11	0,33	-0,01	-0,01	0,33	NAN	
5,204	0,315	-0,025	-0,025	0,315	NAN	
5,313	0,315	-0,005	-0,005	0,315	NAN	
5,407	0,33	-0,02	-0,02	0,33	NAN	
5,5	0,315	-0,02	-0,02	0,315	NAN	
5,61	0,315	-0,01	-0,01	0,315	NAN	
5,813	0,33	-0,005	-0,005	0,33	NAN	
5,824	0,315	-0,015	-0,015	0,315	NAN	
5,907	0,315	-0,02	-0,02	0,315	NAN	
6	0,315	-0,015	-0,015	0,315	NAN	
6,11	0,315	-0,01	-0,01	0,315	NAN	
6,203	0,315	-0,025	-0,025	0,315	NAN	
6,313	0,315	-0,01	-0,01	0,315	NAN	
6,407	0,315	-0,01	-0,01	0,315	NAN	
6,5	0,33	-0,015	-0,015	0,33	NAN	
6,61	0,315	-0,005	-0,005	0,315	NAN	
6,703	0,315	-0,025	-0,025	0,315	NAN	
6,813	0,315	-0,01	-0,01	0,315	NAN	
6,907	0,315	-0,02	-0,02	0,315	NAN	
7	0,315	-0,015	-0,015	0,315	NAN	
7,11	0,315	-0,005	-0,005	0,315	NAN	
7,203	0,315	-0,025	-0,025	0,315	NAN	
7,313	0,315	-0,01	-0,01	0,315	NAN	
7,407	0,315	-0,015	-0,015	0,315	NAN	
7,5	0,315	-0,005	-0,005	0,315	NAN	
7,61	0,315	-0,01	-0,01	0,315	NAN	
7,703	0,315	-0,02	-0,02	0,315	NAN	
7,813	0,315	-0,005	-0,005	0,315	NAN	
7,907	0,315	-0,01	-0,01	0,315	NAN	
8	0,315	-0,02	-0,02	0,315	NAN	
8,11	0,315	-0,01	-0,01	0,315	NAN	
8,203	0,315	-0,02	-0,02	0,315	NAN	
8,313	0,315	-0,015	-0,015	0,315	NAN	
8,406	0,315	-0,015	-0,015	0,315	NAN	
8,5	0,315	-0,015	-0,015	0,315	NAN	
8,61	0,315	-0,005	-0,005	0,315	NAN	
8,703	0,315	-0,02	-0,02	0,315	NAN	
8,813	0,315	-0,005	-0,005	0,315	NAN	
8,906	0,33	-0,015	-0,015	0,33	NAN	
9	0,315	-0,02	-0,02	0,315	NAN	
9,11	0,315	-0,005	-0,005	0,315	NAN	
9,203	0,315	-0,025	-0,025	0,315	NAN	
9,313	0,315	-0,005	-0,005	0,315	NAN	
9,406	0,315	-0,015	-0,015	0,315	NAN	
9,5	0,315	-0,015	-0,015	0,315	NAN	
9,61	0,315	-0,01	-0,01	0,315	NAN	
9,703	0,315	-0,02	-0,02	0,315	NAN	
9,813	0,315	0	0	0,315	NAN	
9,906	0,315	-0,015	-0,015	0,315	NAN	
10	0,315	-0,02	-0,02	0,315	NAN	
10,11	0,315	-0,01	-0,01	0,315	NAN	
10,203	0,315	-0,02	-0,02	0,315	NAN	
10,313	0,315	-0,01	-0,01	0,315	NAN	
10,406	0,315	-0,02	-0,02	0,315	NAN	
10,5	0,315	-0,02	-0,02	0,315	NAN	
10,609	0,315	-0,01	-0,01	0,315	NAN	
10,703	0,315	-0,02	-0,02	0,315	NAN	
10,813	0,315	-0,005	-0,005	0,315	NAN	
10,906	0,315	-0,015	-0,015	0,315	NAN	
11	0,315	-0,02	-0,02	0,315	NAN	
11,109	0,315	-0,01	-0,01	0,315	NAN	
11,203	0,315	-0,02	-0,02	0,315	NAN	
11,313	0,315	0	0	0,315	NAN	
11,406	0,315	-0,02	-0,02	0,315	NAN	
11,5	0,315	-0,015	-0,015	0,315	NAN	
11,609	0,315	-0,01	-0,01	0,315	NAN	
11,703	0,315	-0,02	-0,02	0,315	NAN	
11,813	0,315	-0,005	-0,005	0,315	NAN	
11,906	0,315	-0,02	-0,02	0,315	NAN	
12	0,315	-0,02	-0,02	0,315	NAN	
12,109	0,315	-0,01	-0,01	0,315	NAN	
12,203	0,315	-0,025	-0,025	0,315	NAN	
12,313	0,315	-0,01	-0,01	0,315	NAN	
12,406	0,315	-0,02	-0,02	0,315	NAN	
12,5	0,315	-0,02	-0,02	0,315	NAN	
12,609	0,315	-0,01	-0,01	0,315	NAN	
