MIN=0	0	-10	-0,5	0	0	
MAX=40	30	10	5	27	5	
SCALE=10	10	5	1	10	1	
DEC=1	2	2	1	1	3	
DEF="Tiempo" t / s	"Tensión" U_A1 / V	"Tensión" U_B1 / V	"Intensidad" I / u.a.	"Voltaje acelerador" Vac / V	"Frecuencia" f / Hz	
0	0,315	-0,01	-0,01	0,315	NAN	
0,101	0,315	-0,01	-0,01	0,315	NAN	
0,2	0,315	-0,02	-0,02	0,315	NAN	
0,301	0,315	-0,015	-0,015	0,315	NAN	
0,4	0,315	-0,01	-0,01	0,315	NAN	
0,5	0,36	-0,015	-0,015	0,36	NAN	
0,6	0,51	-0,015	-0,015	0,51	NAN	
0,7	0,675	-0,01	-0,01	0,675	NAN	
0,8	0,825	-0,005	-0,005	0,825	NAN	
0,9	0,99	-0,015	-0,015	0,99	NAN	
1	1,155	-0,005	-0,005	1,155	NAN	
1,1	1,305	-0,005	-0,005	1,305	NAN	
1,2	1,47	-0,01	-0,01	1,47	NAN	
1,3	1,62	-0,005	-0,005	1,62	NAN	
1,4	1,785	-0,005	-0,005	1,785	NAN	
1,5	1,935	-0,005	-0,005	1,935	NAN	
1,6	2,085	0	0	2,085	NAN	
1,7	2,235	-0,005	-0,005	2,235	NAN	
1,8	2,385	-0,01	-0,01	2,385	NAN	
1,9	2,535	-0,005	-0,005	2,535	NAN	
2	2,685	-0,01	-0,01	2,685	NAN	
2,1	2,835	0	0	2,835	NAN	
2,2	2,97	0	0	2,97	NAN	
2,3	3,135	-0,005	-0,005	3,135	NAN	
2,4	3,27	0	0	3,27	NAN	
2,5	3,42	0	0	3,42	NAN	
2,6	3,57	-0,005	-0,005	3,57	NAN	
2,7	3,705	-0,005	-0,005	3,705	NAN	
2,8	3,84	-0,005	-0,005	3,84	NAN	
2,9	3,99	-0,005	-0,005	3,99	NAN	
3	4,14	0	0	4,14	NAN	
3,1	4,275	0	0	4,275	NAN	
3,2	4,41	0,005	0,005	4,41	NAN	
3,3	4,545	0	0	4,545	NAN	
3,4	4,695	0,005	0,005	4,695	NAN	
3,5	4,83	0,005	0,005	4,83	NAN	
3,6	4,965	0,01	0,01	4,965	NAN	
3,7	5,1	0,01	0,01	5,1	NAN	
3,8	5,235	0,015	0,015	5,235	NAN	
3,9	5,385	0,015	0,015	5,385	NAN	
4	5,52	0,015	0,015	5,52	NAN	
4,1	5,655	0,02	0,02	5,655	NAN	
4,2	5,79	0,025	0,025	5,79	NAN	
4,3	5,925	0,02	0,02	5,925	NAN	
4,4	6,045	0,025	0,025	6,045	NAN	
4,5	6,18	0,025	0,025	6,18	NAN	
4,6	6,315	0,025	0,025	6,315	NAN	
4,7	6,435	0,03	0,03	6,435	NAN	
4,8	6,57	0,025	0,025	6,57	NAN	
4,9	6,69	0,025	0,025	6,69	NAN	
5	6,825	0,025	0,025	6,825	NAN	
5,1	6,945	0,02	0,02	6,945	NAN	
5,2	7,08	0,02	0,02	7,08	NAN	
5,3	7,215	0,02	0,02	7,215	NAN	
5,4	7,335	0,02	0,02	7,335	NAN	
5,5	7,455	0,015	0,015	7,455	NAN	
5,6	7,575	0,02	0,02	7,575	NAN	
5,7	7,695	0,02	0,02	7,695	NAN	
5,8	7,83	0,015	0,015	7,83	NAN	
5,9	7,95	0,02	0,02	7,95	NAN	
6	8,085	0,025	0,025	8,085	NAN	
6,1	8,19	0,025	0,025	8,19	NAN	
6,2	8,325	0,025	0,025	8,325	NAN	
6,3	8,445	0,025	0,025	8,445	NAN	
6,4	8,565	0,03	0,03	8,565	NAN	
6,5	8,685	0,03	0,03	8,685	NAN	
6,6	8,79	0,03	0,03	8,79	NAN	
6,7	8,925	0,04	0,04	8,925	NAN	
6,8	9,03	0,04	0,04	9,03	NAN	
6,9	9,15	0,045	0,045	9,15	NAN	
7	9,255	0,05	0,05	9,255	NAN	
7,1	9,375	0,055	0,055	9,375	NAN	
7,2	9,495	0,055	0,055	9,495	NAN	
7,3	9,615	0,065	0,065	9,615	NAN	
7,4	9,72	0,075	0,075	9,72	NAN	
7,5	9,825	0,08	0,08	9,825	NAN	
7,6	9,945	0,09	0,09	9,945	NAN	
7,7	10,065	0,095	0,095	10,065	NAN	
7,8	10,17	0,11	0,11	10,17	NAN	
7,9	10,275	0,11	0,11	10,275	NAN	
8	10,395	0,125	0,125	10,395	NAN	
8,1	10,5	0,13	0,13	10,5	NAN	
8,2	10,605	0,145	0,145	10,605	NAN	
8,3	10,71	0,16	0,16	10,71	NAN	
8,4	10,83	0,16	0,16	10,83	NAN	
8,5	10,935	0,17	0,17	10,935	NAN	
8,6	11,04	0,165	0,165	11,04	NAN	
8,7	11,16	0,165	0,165	11,16	NAN	
8,8	11,25	0,165	0,165	11,25	NAN	
8,9	11,355	0,155	0,155	11,355	NAN	
9	11,475	0,145	0,145	11,475	NAN	
9,1	11,565	0,135	0,135	11,565	NAN	
9,2	11,67	0,13	0,13	11,67	NAN	
9,3	11,79	0,115	0,115	11,79	NAN	
9,4	11,88	0,1	0,1	11,88	NAN	
9,5	11,985	0,095	0,095	11,985	NAN	
9,6	12,09	0,09	0,09	12,09	NAN	
9,7	12,195	0,075	0,075	12,195	NAN	
9,8	12,285	0,085	0,085	12,285	NAN	
9,9	12,39	0,07	0,07	12,39	NAN	
10	12,495	0,065	0,065	12,495	NAN	
10,1	12,6	0,065	0,065	12,6	NAN	
10,2	12,69	0,07	0,07	12,69	NAN	
10,3	12,795	0,07	0,07	12,795	NAN	
10,4	12,885	0,07	0,07	12,885	NAN	
10,5	12,975	0,075	0,075	12,975	NAN	
10,6	13,08	0,075	0,075	13,08	NAN	
10,7	13,17	0,085	0,085	13,17	NAN	
10,8	13,275	0,08	0,08	13,275	NAN	
10,9	13,38	0,095	0,095	13,38	NAN	
11	13,47	0,095	0,095	13,47	NAN	
11,1	13,56	0,105	0,105	13,56	NAN	
11,2	13,65	0,115	0,115	13,65	NAN	
11,3	13,755	0,125	0,125	13,755	NAN	
11,4	13,845	0,135	0,135	13,845	NAN	
11,5	13,935	0,135	0,135	13,935	NAN	
11,6	14,025	0,155	0,155	14,025	NAN	
11,7	14,13	0,165	0,165	14,13	NAN	
11,8	14,22	0,175	0,175	14,22	NAN	
11,9	14,31	0,185	0,185	14,31	NAN	
12	14,385	0,205	0,205	14,385	NAN	
12,1	14,49	0,215	0,215	14,49	NAN	
12,2	14,58	0,235	0,235	14,58	NAN	
12,3	14,67	0,245	0,245	14,67	NAN	
12,4	14,76	0,26	0,26	14,76	NAN	
12,5	14,85	0,275	0,275	14,85	NAN	
12,6	14,925	0,29	0,29	14,925	NAN	
12,7	15,015	0,305	0,305	15,015	NAN	
12,8	15,105	0,33	0,33	15,105	NAN	
12,9	15,195	0,345	0,345	15,195	NAN	
13	15,3	0,375	0,375	15,3	NAN	
13,1	15,375	0,39	0,39	15,375	NAN	
13,2	15,465	0,415	0,415	15,465	NAN	
13,3	15,54	0,43	0,43	15,54	NAN	
13,4	15,63	0,45	0,45	15,63	NAN	
13,5	15,72	0,46	0,46	15,72	NAN	
13,6	15,795	0,47	0,47	15,795	NAN	
13,7	15,885	0,475	0,475	15,885	NAN	
13,8	15,975	0,475	0,475	15,975	NAN	
13,9	16,05	0,47	0,47	16,05	NAN	
14	16,14	0,46	0,46	16,14	NAN	
14,1	16,215	0,455	0,455	16,215	NAN	
14,2	16,29	0,43	0,43	16,29	NAN	
14,3	16,38	0,425	0,425	16,38	NAN	
14,4	16,455	0,4	0,4	16,455	NAN	
14,5	16,545	0,385	0,385	16,545	NAN	
14,6	16,62	0,365	0,365	16,62	NAN	
14,7	16,71	0,345	0,345	16,71	NAN	
14,8	16,785	0,325	0,325	16,785	NAN	
14,9	16,86	0,305	0,305	16,86	NAN	
15	16,935	0,285	0,285	16,935	NAN	
15,1	17,025	0,28	0,28	17,025	NAN	
15,2	17,1	0,255	0,255	17,1	NAN	
15,3	17,175	0,25	0,25	17,175	NAN	
15,4	17,25	0,245	0,245	17,25	NAN	
15,5	17,325	0,23	0,23	17,325	NAN	
15,6	17,4	0,22	0,22	17,4	NAN	
15,7	17,475	0,215	0,215	17,475	NAN	
15,8	17,565	0,21	0,21	17,565	NAN	
15,9	17,64	0,21	0,21	17,64	NAN	
16	17,7	0,215	0,215	17,7	NAN	
16,1	17,79	0,215	0,215	17,79	NAN	
16,2	17,85	0,22	0,22	17,85	NAN	
16,3	17,925	0,235	0,235	17,925	NAN	
16,4	18	0,245	0,245	18	NAN	
16,5	18,075	0,245	0,245	18,075	NAN	
16,6	18,165	0,255	0,255	18,165	NAN	
16,7	18,225	0,26	0,26	18,225	NAN	
16,8	18,3	0,265	0,265	18,3	NAN	
16,9	18,375	0,275	0,275	18,375	NAN	
17	18,435	0,29	0,29	18,435	NAN	
17,1	18,525	0,3	0,3	18,525	NAN	
17,2	18,585	0,31	0,31	18,585	NAN	
17,3	18,66	0,315	0,315	18,66	NAN	
17,4	18,735	0,335	0,335	18,735	NAN	
17,5	18,795	0,35	0,35	18,795	NAN	
17,6	18,87	0,36	0,36	18,87	NAN	
17,7	18,93	0,375	0,375	18,93	NAN	
17,8	19,005	0,395	0,395	19,005	NAN	
17,9	19,065	0,41	0,41	19,065	NAN	
18	19,14	0,435	0,435	19,14	NAN	
18,1	19,215	0,45	0,45	19,215	NAN	
18,2	19,275	0,47	0,47	19,275	NAN	
18,3	19,335	0,495	0,495	19,335	NAN	
18,4	19,41	0,52	0,52	19,41	NAN	
18,5	19,485	0,54	0,54	19,485	NAN	
18,6	19,545	0,57	0,57	19,545	NAN	
18,7	19,605	0,595	0,595	19,605	NAN	
18,8	19,665	0,62	0,62	19,665	NAN	
18,9	19,74	0,64	0,64	19,74	NAN	
19	19,8	0,675	0,675	19,8	NAN	
19,1	19,875	0,695	0,695	19,875	NAN	
19,2	19,935	0,725	0,725	19,935	NAN	
19,3	20,01	0,75	0,75	20,01	NAN	
19,4	20,07	0,78	0,78	20,07	NAN	
19,5	20,13	0,815	0,815	20,13	NAN	
19,6	20,19	0,84	0,84	20,19	NAN	
19,7	20,25	0,875	0,875	20,25	NAN	
19,8	20,325	0,905	0,905	20,325	NAN	
19,9	20,385	0,94	0,94	20,385	NAN	
20	20,445	0,97	0,97	20,445	NAN	
20,1	20,505	0,99	0,99	20,505	NAN	
20,2	20,565	1,02	1,02	20,565	NAN	
20,3	20,64	1,04	1,04	20,64	NAN	
20,4	20,7	1,065	1,065	20,7	NAN	
20,5	20,745	1,08	1,08	20,745	NAN	
20,6	20,82	1,1	1,1	20,82	NAN	
20,7	20,865	1,11	1,11	20,865	NAN	
20,8	20,94	1,12	1,12	20,94	NAN	
20,9	21	1,125	1,125	21	NAN	
21	21,06	1,125	1,125	21,06	NAN	
21,1	21,105	1,12	1,12	21,105	NAN	
21,2	21,165	1,11	1,11	21,165	NAN	
21,3	21,225	1,095	1,095	21,225	NAN	
21,4	21,285	1,075	1,075	21,285	NAN	
21,5	21,345	1,055	1,055	21,345	NAN	
21,6	21,405	1,035	1,035	21,405	NAN	
21,7	21,465	1,015	1,015	21,465	NAN	
21,8	21,525	0,995	0,995	21,525	NAN	
21,9	21,585	0,97	0,97	21,585	NAN	
22	21,63	0,95	0,95	21,63	NAN	
22,1	21,69	0,935	0,935	21,69	NAN	
22,2	21,75	0,915	0,915	21,75	NAN	
22,3	21,795	0,885	0,885	21,795	NAN	
22,4	21,855	0,875	0,875	21,855	NAN	
22,5	21,915	0,855	0,855	21,915	NAN	
22,6	21,975	0,84	0,84	21,975	NAN	
22,7	22,02	0,82	0,82	22,02	NAN	
22,8	22,08	0,795	0,795	22,08	NAN	
22,9	22,125	0,775	0,775	22,125	NAN	
23	22,185	0,76	0,76	22,185	NAN	
23,1	22,245	0,735	0,735	22,245	NAN	
23,2	22,29	0,725	0,725	22,29	NAN	
23,3	22,35	0,705	0,705	22,35	NAN	
23,4	22,41	0,7	0,7	22,41	NAN	
23,5	22,455	0,69	0,69	22,455	NAN	
23,6	22,515	0,68	0,68	22,515	NAN	
23,7	22,56	0,67	0,67	22,56	NAN	
23,8	22,605	0,66	0,66	22,605	NAN	
23,9	22,665	0,655	0,655	22,665	NAN	
24	22,725	0,645	0,645	22,725	NAN	
24,1	22,77	0,635	0,635	22,77	NAN	
24,2	22,815	0,64	0,64	22,815	NAN	
24,3	22,875	0,635	0,635	22,875	NAN	
24,4	22,92	0,64	0,64	22,92	NAN	
24,5	22,98	0,64	0,64	22,98	NAN	
24,6	23,025	0,645	0,645	23,025	NAN	
24,7	23,07	0,65	0,65	23,07	NAN	
24,8	23,13	0,65	0,65	23,13	NAN	
24,9	23,175	0,66	0,66	23,175	NAN	
25	23,22	0,67	0,67	23,22	NAN	
25,1	23,265	0,69	0,69	23,265	NAN	
25,2	23,325	0,695	0,695	23,325	NAN	
25,3	23,37	0,71	0,71	23,37	NAN	
25,4	23,415	0,72	0,72	23,415	NAN	
25,5	23,475	0,73	0,73	23,475	NAN	
25,6	23,52	0,755	0,755	23,52	NAN	
25,7	23,565	0,77	0,77	23,565	NAN	
25,8	23,61	0,78	0,78	23,61	NAN	
25,9	23,67	0,795	0,795	23,67	NAN	
26	23,7	0,82	0,82	23,7	NAN	
26,1	23,745	0,84	0,84	23,745	NAN	
26,2	23,805	0,865	0,865	23,805	NAN	
26,3	23,85	0,885	0,885	23,85	NAN	
26,4	23,895	0,905	0,905	23,895	NAN	
26,5	23,94	0,93	0,93	23,94	NAN	
26,6	23,985	0,95	0,95	23,985	NAN	
26,7	24,03	0,98	0,98	24,03	NAN	
26,8	24,075	1,005	1,005	24,075	NAN	
26,9	24,12	1,03	1,03	24,12	NAN	
27	24,165	1,06	1,06	24,165	NAN	
27,1	24,225	1,085	1,085	24,225	NAN	
27,2	24,255	1,115	1,115	24,255	NAN	
27,3	24,3	1,135	1,135	24,3	NAN	
27,4	24,345	1,17	1,17	24,345	NAN	
27,5	24,405	1,2	1,2	24,405	NAN	
27,6	24,435	1,235	1,235	24,435	NAN	
27,7	24,48	1,265	1,265	24,48	NAN	
27,8	24,525	1,305	1,305	24,525	NAN	
27,9	24,57	1,33	1,33	24,57	NAN	
28	24,615	1,365	1,365	24,615	NAN	
28,1	24,66	1,405	1,405	24,66	NAN	
28,2	24,705	1,445	1,445	24,705	NAN	
28,3	24,75	1,475	1,475	24,75	NAN	
28,4	24,78	1,515	1,515	24,78	NAN	
28,5	24,825	1,55	1,55	24,825	NAN	
28,6	24,87	1,585	1,585	24,87	NAN	
28,7	24,915	1,625	1,625	24,915	NAN	
28,8	24,945	1,675	1,675	24,945	NAN	
28,9	24,99	1,71	1,71	24,99	NAN	
29	25,035	1,76	1,76	25,035	NAN	
29,1	25,065	1,8	1,8	25,065	NAN	
29,2	25,11	1,855	1,855	25,11	NAN	
29,3	25,155	1,895	1,895	25,155	NAN	
29,4	25,185	1,945	1,945	25,185	NAN	
29,5	25,245	1,99	1,99	25,245	NAN	
29,6	25,275	2,035	2,035	25,275	NAN	
29,7	25,305	2,08	2,08	25,305	NAN	
29,8	25,365	2,12	2,12	25,365	NAN	
29,9	25,395	2,16	2,16	25,395	NAN	
30	25,425	2,205	2,205	25,425	NAN	
30,1	25,47	2,235	2,235	25,47	NAN	
30,2	25,515	2,285	2,285	25,515	NAN	
30,3	25,545	2,315	2,315	25,545	NAN	
30,4	25,59	2,35	2,35	25,59	NAN	
30,5	25,62	2,38	2,38	25,62	NAN	
30,6	25,665	2,415	2,415	25,665	NAN	
30,7	25,71	2,435	2,435	25,71	NAN	
30,8	25,74	2,48	2,48	25,74	NAN	
30,9	25,77	2,49	2,49	25,77	NAN	
31	25,83	2,505	2,505	25,83	NAN	
31,1	25,845	2,505	2,505	25,845	NAN	
31,2	25,89	2,51	2,51	25,89	NAN	
31,3	25,935	2,53	2,53	25,935	NAN	
31,4	25,965	2,545	2,545	25,965	NAN	
31,5	25,995	2,535	2,535	25,995	NAN	
31,6	26,04	2,53	2,53	26,04	NAN	
31,7	26,07	2,515	2,515	26,07	NAN	
31,8	26,115	2,49	2,49	26,115	NAN	
31,9	26,145	2,495	2,495	26,145	NAN	
32	26,19	2,48	2,48	26,19	NAN	
32,1	26,22	2,435	2,435	26,22	NAN	
32,2	26,265	2,41	2,41	26,265	NAN	
32,3	26,295	2,39	2,39	26,295	NAN	
32,4	26,34	2,39	2,39	26,34	NAN	
32,5	26,37	2,375	2,375	26,37	NAN	
32,6	26,4	2,36	2,36	26,4	NAN	
32,7	26,43	2,33	2,33	26,43	NAN	
32,8	26,46	2,32	2,32	26,46	NAN	
32,9	26,505	2,295	2,295	26,505	NAN	
33	26,535	2,275	2,275	26,535	NAN	
33,1	26,565	2,25	2,25	26,565	NAN	
33,2	26,61	2,225	2,225	26,61	NAN	
